120 10000
1 2401 4 119 107 85 83 65 104 39 78 59 32 46 63 97 14 33 81 106 110 91 51 48 99 42 3 71 9 82 102 92 116 109 101 58 21 16 87 27 52 86 90 17 53 31 62 43 55 7 100 114 30 57 24 69 103 61 15 25 26 120 96 37 74 28 77 115 56 67 111 38 68 93 40 94 36 35 66 41 72 6 88 113 18 64 108 29 117 76 80 13 19 11 95 44 20 89 8 54 112 79 47 23 45 49 12
2 1862 86 78 99 91 61 43 57 94 5 71 73 87 96 111 35 103 37 68 44 30 21 11 17 120 88 25 90 7 65 51 89 12 105 109 39 10 79 63 83 102 19 62 76 104 118 85 80 70 53 24 93 40 36 33 31 58 95 6 48 110 27 46 47 3 13 42 55 56 60 9 64 20 72 77 49 32 50 26 82 14 15 107 117 23 112 67 22 81 45 97 34 100 59 69 92 8 52 18 101 74 114 66 106 28 4 38
3 1945 112 34 9 29 5 73 109 62 105 78 87 49 21 104 12 114 36 81 18 77 10 80 96 8 56 74 16 66 108 50 99 92 113 64 94 79 46 117 20 72 68 110 82 33 54 22 103 15 106 19 98 95 100 11 32 40 30 120 89 59 101 28 115 52 14 47 51 107 118 43 111 70 91 116 45 23 76 48 71 67 24 57 84 65 102 35 4 39 58 53 7 6 17 26 85 90 97 27 42 60 88 61 83 69 37 63 25 38
4 2004 86 107 68 70 102 16 47 49 78 115 101 15 19 67 65 59 105 22 84 52 10 111 118 98 27 104 42 54 57 113 110 72 48 21 117 58 14 40 45 9 103 100 97 60 51 75 8 18 109 87 34 114 23 26 55 119 116 106 76 92 12 39 83 29 36 89 85 7 73 20 120 69 71 38 94 90 80 35 17 77 64 33 112 11 82 62 6 30 31 61 63 79 5 96 88 28 43 50 74 44 91 56 53 37 93 81
5 2207 75 9 61 74 101 100 76 37 36 113 104 89 117 102 46 13 82 66 14 78 92 71 39 12 69 30 38 16 53 7 103 40 77 116 73 65 85 97 70 87 54 51 94 25 72 55 45 47 57 62 42 106 22 17 105 43 67 115 120 81 35 23 119 29 50 84 28 34 111 114 11 112 41 109 79 8 33 26 15 48 27 63 107 80 90 83 56 10 64 52 58 44 32 60 19 31 68 110 86 21 96 20 98 93 118
6 1003 71 11 80 72 92 88 73 108 50 14 20 43 85 91 118 120 96 67 30 40 22 89 77 81 112 116 36 98 48 29 65 105 106 90 21 9 51 70 69 37 84 57 113 32 86 12 41 87 49 35 26 47 33 110 61 79 28 76 44 18 68 114 104 58 103 24 95 74 45 27 100 31 64 109 39 54 62 25 119 55 97 46 34 42 107 94 93 23 66 13 115 52 38 16 59 56 53 60
7 1132 109 15 95 65 59 48 62 21 90 83 18 86 79 36 91 66 118 41 111 34 78 97 103 28 93 32 30 44 56 9 105 87 108 76 19 69 58 25 106 70 84 88 61 74 20 116 60 107 22 54 38 52 73 53 96 42 101 112 92 35 47 64 13 104 68 51 98 89 72 81 114 75 102 113 14 119 55 26 27 23 46 43 80 39 31 115 110 24 37 57 63 17 85 10 45 12 49 33 8 99 77 67 50 29 117 120
8 1744 28 50 102 84 29 23 68 22 31 76 98 113 52 55 10 71 49 43 65 92 62 97 72 116 120 99 51 77 108 44 40 11 13 24 80 95 117 103 85 100 25 111 33 90 107 106 119 59 47 66 74 16 64 42 9 35 26 36 37 83 73 48 70 61 58 67 96 17 78 60 81 79 19 57 91 14 94 38 12 93 69 45 89 20 54 87 112 46 114 32 18 39 21 104 115 109 30 75 41
9 687 103 69 79 30 32 51 55 25 88 17 14 113 26 31 93 45 22 38 61 106 117 68 40 70 67 27 37 56 87 110 83 72 52 86 107 43 115 11 13 81 105 54 85 50 73 35 76 48 108 104 36 91 34 41 77 39 114 42 99 60 21 64 95 116 98 71 65 18 111 23 89 119 19 53 90 102 109 92 120 63 80 47 112 100 15 20 44 75 46 118 49 33 66 58 97 28 62 57 96 101 29 16 24
10 2055 70 73 109 66 57 24 45 111 120 40 87 48 35 119 112 99 100 13 116 90 106 25 92 63 76 98 95 117 81 97 38 101 54 15 69 49 59 52 34 107 17 36 42 65 28 94 62 86 19 89 79 75 61 110 108 113 77 115 68 58 27 72 22 84 85 64 14 18 20 67 39 96 56 50 53 102 78 105 31 51 21 41 74 11 26 82 47 33 118 93 16 44 71 114
11 2380 65 103 94 114 35 56 102 107 104 28 62 100 63 73 89 92 116 105 61 115 58 12 30 85 31 46 20 21 47 117 29 95 87 77 15 67 93 13 66 119 24 18 23 48 44 59 74 111 17 34 38 43 69 106 91 19 22 79 27 68 72 25 14 97 82 83 113 78 55 112 88 84 109 70 42 33 54 86 60 99 96 64 41 26 76 51 16 101 98 57 45 40 71
12 565 89 61 34 64 49 17 112 117 47 37 100 120 23 70 111 60 27 108 97 51 103 73 58 55 82 84 21 59 78 79 107 56 42 101 109 95 26 63 102 22 93 52 115 74 76 38 16 91 20 45 50 85 24 39 106 33 113 75 29 28 114 90 83 36 96 71 104 25 57 30 48 92 15 118 105 69 119 54 35 14 72 98 99 13 40 19 53 87 66 31 43 86 68 67 65 110 88
13 1190 92 63 55 59 74 89 28 104 108 114 72 105 40 43 62 94 119 117 20 84 87 120 79 29 41 101 86 37 64 50 31 99 67 93 48 19 95 52 32 80 91 22 77 85 16 61 96 65 109 111 98 17 25 68 106 81 70 14 30 38 42 88 39 100 113 97 73 45 107 69 66 71 26 51 78 36 18 23 47 83 82 27 33 112 35 58 44 57 118 75 60 15 49 110 116 115 90 34 56 21 24 76
14 762 91 37 67 75 93 66 39 40 52 100 76 61 19 74 111 54 112 101 23 102 117 47 103 49 56 45 71 63 77 92 53 84 60 70 118 44 113 90 62 95 48 85 79 120 46 32 99 98 96 24 22 69 68 115 116 119 65 42 89 82 50 83 80 33 27 59 58 57 107 29 41 18 16 28 25 105 87 110 88 20 86 94 38 104 15 36 109 114 51 35 108 34 43 17
15 641 19 43 44 113 67 84 20 71 108 37 117 109 51 50 53 25 34 101 66 92 72 100 77 96 93 59 82 75 65 80 120 102 21 47 52 110 74 35 90 95 118 81 70 68 29 114 79 106 116 58 48 18 85 32 46 45 97 86 87 30 119 99 56 112 94 107 62 104 16 78 73 26 103 41 115 91 61 105 49 42 24 69 60 36 23 83 76 111 33 89 64 40 39 28 55 27
16 660 68 99 104 103 73 88 98 83 20 71 57 89 17 58 38 105 26 90 50 115 51 67 28 108 100 84 118 29 55 93 41 21 24 23 101 64 32 31 94 72 97 102 95 19 92 76 111 116 77 48 27 44 117 66 87 65 82 120 33 109 34 43 56 30 35 107 52 46 74 62 69 36 106 70 25 114 37 78 81 86 61 96 110 80 18 40 113 59 22 49 53
17 1999 118 93 44 23 103 22 90 29 54 119 30 63 76 58 65 82 68 49 96 35 107 41 28 53 106 37 21 70 36 98 27 109 19 31 34 56 47 97 108 99 52 110 51 75 72 67 25 91 18 57 94 84 116 55 79 85 69 64 80 45 113 26 43 60 101 40 61 83 105 100 120 66 71 73 86 77 88 81 59 20 78 112 24 102 48 117 39 42 95 115 104 62
18 1713 56 41 69 109 111 57 63 68 55 99 65 61 36 78 114 97 77 80 49 105 116 85 117 115 28 19 27 58 81 52 26 73 108 98 86 51 102 118 24 87 113 79 84 90 50 23 88 38 64 34 32 53 107 48 54 22 66 74 42 82 94 35 59 76 60 46 29 37 21 96 45 95 31 39 83 30 110 92 89 33 43 75 100 47 93 106 67 103 44 62 40 112 104
19 1897 64 119 51 50 58 59 70 85 28 37 23 75 61 67 21 39 43 92 52 108 113 83 87 76 35 74 90 30 66 94 57 45 103 101 102 81 118 33 36 97 116 53 88 44 47 86 40 99 60 69 80 38 120 22 111 77 41 62 56 93 95 114 89 25 24 115 96 55 112 49 71 31 104 54 46 20 117 65 27 48 26 84 100 63 110 82 68 79 32 72 105
20 836 110 47 115 68 112 30 107 101 83 50 116 73 113 111 42 39 100 25 65 63 67 95 104 55 58 108 46 24 33 99 49 85 41 52 81 51 27 76 91 32 71 102 59 22 26 75 120 37 77 105 66 60 36 43 62 82 86 96 28 70 45 34 74 72 40 106 89 48 69 31 80 38 29 56 88 93 78 57 117 92 109 21 119 44 118 84 90 98 103
21 1736 58 64 41 85 42 26 107 32 114 88 36 87 46 93 74 92 99 97 94 113 89 23 79 115 33 63 117 90 100 98 72 108 51 78 53 57 25 96 61 111 82 34 119 68 56 101 77 73 84 66 75 70 43 120 112 91 80 35 118 47 30 24 54 55 48 109 49 69 103 40 22 102 67 38 39 60 45 31 52 116 110 106 50 65 86 59 83 105 81
22 814 118 81 70 106 102 90 61 40 103 36 59 65 101 43 96 60 49 50 100 107 63 57 117 104 30 120 37 52 25 55 113 34 76 83 114 26 42 38 98 23 116 44 33 58 86 85 89 28 66 32 73 53 35 64 80 97 109 54 119 82 29 69 78 48 62 115 108 31 39 105 51 71 72 94 88 91 68 84 112 95 45 41 47 74 87
23 948 115 86 113 27 28 72 53 90 47 119 69 42 104 105 24 59 84 67 36 37 112 57 26 63 117 46 71 92 94 49 100 73 66 120 95 51 76 65 78 29 68 102 43 109 108 99 56 44 80 97 79 35 60 114 55 38 30 103 106 48 58 45 98 34 25 82 70 85 75 64 93 107 87 83 88 54 110 41 52 61 62 89 39 40 50 101 91 116 32 33
24 2128 89 82 80 63 112 87 52 49 39 99 61 48 35 94 104 78 93 68 50 60 83 26 69 29 113 30 73 71 28 100 91 72 57 120 111 42 117 34 43 31 47 40 109 92 114 86 107 115 90 66 97 51 62 25 118 64 81 38 96 108 79 55 105 58 32 101 36 75 59 106 76 27 95 103 67 56 74 85 102 119 98 54 41 110 45 37
25 1564 92 98 82 70 107 37 51 55 72 50 114 31 110 78 38 111 80 74 43 81 69 49 59 86 108 106 119 65 100 109 33 71 57 101 44 27 118 73 40 79 48 46 83 75 35 62 97 105 66 41 95 91 112 120 58 67 54 104 117 60 28 85 36 102 42 116 61 77 113 90 87 53 76 39 32 26 88 52 115 93 47 68
26 993 114 106 92 98 100 90 70 41 97 43 65 56 46 79 86 37 75 109 83 33 84 99 71 67 103 40 32 118 49 36 64 39 107 85 59 27 63 105 61 53 51 113 68 29 28 120 73 57 78 119 42 52 45 111 72 66 44 89 88 80 55 69 116 115 104 35 91 96 110 54 108 47 101 50 76 82 38 30 48 87 60 94 77 117
27 1705 66 116 57 35 101 81 110 79 43 46 119 92 74 32 117 52 106 96 111 69 86 85 29 54 90 99 113 70 62 45 72 28 97 36 44 42 61 98 73 38 93 100 80 68 49 120 30 89 31 103 87 39 37 33 58 114 63 82 108 65 50 48 109 78 56 83 76 107 84 112 104 77 105 53 94 67 71 91 41 47 40 102 64 34 55
28 802 73 112 103 88 47 50 64 32 114 31 59 95 36 75 60 97 51 81 110 65 45 92 43 35 116 85 106 108 70 80 66 99 30 78 37 96 55 100 79 76 41 42 34 40 98 89 83 118 87 115 54 101 46 69 113 111 52 102 38 49 93 82 39 86 105 61 63 56 72 94 62 57 109 74 90 53 67 29 68 77 117 33 107 120
29 651 91 62 57 50 71 90 106 92 69 56 94 103 112 61 64 53 120 35 40 119 107 89 88 85 44 81 63 96 117 110 76 80 105 115 83 74 70 116 36 102 51 101 79 38 31 108 49 78 68 104 72 47 46 75 100 60 109 87 73 54 82 34 65 52 118 41 98 33 42 45 43 97 48 59 111 93 95 32 37 67 84 99 77
30 2098 75 63 93 32 94 57 53 37 96 77 56 119 79 49 92 107 59 45 47 102 74 113 118 86 91 104 117 88 48 41 34 116 44 111 106 83 110 84 50 103 112 70 52 35 62 97 68 39 33 95 61 66 78 72 80 73 115 109 43 40 71 90 55 36 82 42 108 51 100 76 64 85 65 58 105 89 81 99 46 120 101 31
31 962 62 45 95 76 34 33 101 64 102 103 74 89 69 93 36 108 42 53 32 47 96 90 66 83 63 80 110 87 86 117 56 71 73 72 38 51 43 112 50 99 44 118 116 79 54 68 61 46 70 67 65 78 49 55 35 85 105 39 57 77 94 120 106 100 115 84 92 52 41 60 98 114 82 75 113 111 97 48 59 58
32 2110 102 38 54 49 44 42 37 33 84 94 120 66 111 61 73 106 83 64 69 98 36 79 52 104 114 76 91 112 103 55 35 46 118 92 117 105 116 56 74 87 115 65 110 100 39 97 86 109 53 119 90 57 70 81 88 43 82 71 63 85 93 41 40 58 60 113 34 50 62 80 48 75 67 47 78 96 59 99 72 108
33 1016 48 43 63 41 37 36 113 46 61 118 76 83 109 66 44 35 106 73 116 38 120 92 65 57 85 99 59 51 49 114 82 98 115 42 111 81 119 117 110 72 34 80 68 64 108 105 74 101 70 96 112 50 87 67 107 69 94 91 71 40 39 56 58 55 53 93 52 47 75 84 45 88 79 77 103 104 78
34 1964 57 117 112 66 76 80 107 94 36 37 56 82 65 75 78 113 71 50 83 93 48 44 86 60 119 58 45 81 108 49 52 54 84 68 115 47 79 106 87 88 55 40 109 70 74 38 42 89 41 35 114 77 69 97 91 101 90 59 116 111 95 46 73 85 63 92 110 99 64 104 120 102 62 51 98 39 100
35 1613 90 37 76 117 100 52 88 38 82 70 105 85 48 110 66 54 98 42 79 92 89 39 62 102 67 107 68 45 91 83 43 84 93 53 114 36 59 112 86 56 113 50 95 49 118 77 96 73 103 111 60 116 101 58 115 64 81 75 78 41 46 57 47 80 55 40 120 61 94 106 71 51 109 87 72 69 97 119 63 108 74 99
36 2280 64 39 119 83 58 84 88 55 93 114 44 76 99 62 112 51 72 117 42 85 65 111 118 49 66 109 86 78 71 108 79 98 92 38 74 70 69 100 60 45 104 106 81 75 103 54 56 116 46 63 43 95 40 50 90 73 91 94 102 89 80 110 77 61 96 82 68 48 101 52 113 97 107 115 59 67 53 41 37
37 2467 58 77 76 74 102 46 39 83 65 52 107 72 111 80 96 84 71 81 105 62 120 49 45 117 116 48 115 94 85 118 57 64 88 67 70 56 86 59 69 55 47 90 75 78 66 60 38 95 51 106 44 89 99 79 73 63 87 114 110 97 100 98 109 82 50 108 53 103 119 61 91 104 93
38 1802 111 60 70 71 62 117 42 113 59 39 114 107 87 86 81 110 48 105 75 54 94 77 119 65 103 90 57 109 95 50 66 68 120 63 88 43 115 82 100 46 64 89 79 73 98 112 53 51 52 92 58 76 41 84 78 102 85 96 45 72 74 116 49 55 44 97 40 118 108 83 47 104 56 101 106 80 67 91 69
39 1523 55 103 85 119 61 40 43 94 50 88 104 114 65 62 96 80 101 95 86 42 67 49 106 56 78 75 108 117 73 71 46 89 82 107 53 76 74 112 51 93 58 54 98 52 99 66 91 111 87 63 97 72 102 110 120 70 81 44 116 79 59 92 47 45 64 69 77 113 41 118 68
40 2211 91 75 51 82 62 55 59 70 84 107 81 116 73 76 92 86 71 56 78 43 72 120 101 113 65 64 117 99 111 77 97 106 46 118 53 79 90 69 98 88 66 95 94 102 115 114 68 83 42 108 60 49 112 52 58 50 109 54 85 93 74 110 41 47 87 100 57 45 80 67
41 1356 45 61 78 89 42 106 80 117 91 111 79 87 102 67 60 69 116 65 97 83 95 57 98 48 56 72 103 58 74 93 100 77 113 43 44 68 81 101 53 71 62 84 104 86 73 66 96 108 70 64 88 49 119 47 118 55 94 75 99 90 105 109 85 82 110 50 59 52 54 112 46 51 76
42 1403 68 104 63 72 119 58 101 82 100 107 97 114 120 74 109 69 80 108 75 59 60 111 48 57 84 54 67 71 76 47 86 52 43 95 44 98 110 83 99 102 105 85 94 117 73 81 91 65 45 64 61 112 56 115 66 116 88 89 70 62 51 49 90 92 96 103 106 46 50 87 79 77
43 1833 69 73 75 58 88 61 98 79 108 102 65 49 87 113 109 110 81 119 70 71 66 67 105 60 85 64 74 54 96 118 95 90 112 116 62 76 97 51 84 111 52 48 103 86 57 93 56 89 55 68 78 120 114 104 46 94 59 92 107 82 115 44 83 117 91 101
44 1603 75 77 49 106 92 104 112 62 110 107 48 88 87 63 120 109 103 70 78 55 85 79 67 59 73 72 58 113 46 65 118 101 57 71 117 114 54 108 74 99 81 60 102 89 111 83 52 115 82 90 100 96 97 94 68 69 93 91 95 80 64 119 45 98 116 50 105 53 84 47 51 66
45 1222 49 78 86 101 60 100 66 62 90 117 48 46 119 95 105 107 51 64 67 87 109 57 89 91 77 76 61 74 110 104 50 99 94 106 59 79 111 47 115 108 56 72 68 98 92 114 85 84 75 73 53 88 93 54 102 118 81 82 58 97 120 70 83 63 80
46 1974 107 61 58 53 93 85 59 100 105 68 99 48 101 110 106 70 95 52 80 94 71 67 86 64 75 77 65 116 115 118 112 76 72 117 109 88 108 57 102 51 73 103 81 91 113 66 60 55 87 120 89 47 114 78 69 82 96 50 84 119 111 97
47 1763 103 70 105 73 71 68 74 61 84 62 60 55 107 59 102 48 116 51 69 113 78 96 108 52 110 58 66 114 106 50 94 111 98 63 87 120 85 112 77 118 75 93 104 109 79 64 100 115 57 54 76 88 67 92 49 82 86 95 99 117 97 65 56 81 90 119 53 72 91
48 2279 77 50 99 75 90 85 120 58 49 51 101 67 116 78 115 91 69 61 66 87 80 97 63 89 95 83 79 109 74 92 52 84 114 53 82 94 68 111 81 65 56 96 104 113 118 100 64 55 105 119 112 57 117 106 62 70 59 86 93 108 107 76 88 103 71 102 98 110
49 743 101 95 112 51 70 60 78 74 92 109 107 86 69 114 57 62 116 91 99 88 52 61 117 68 97 54 76 72 119 105 81 113 66 84 55 67 98 120 58 110 82 90 87 83 75 63 80 89 71 93 103 53 77 73 104 79 100 111 108 64 94 106 65 115 118 50 85 59 96
50 716 70 52 107 84 54 114 65 92 51 97 63 112 79 111 95 59 108 82 119 61 93 57 78 101 74 103 58 102 116 66 75 86 94 117 100 85 120 118 71 96 69 62 105 77 83 64 91 73 76 113 68 115 104 67 90 80 55 72 109 56 89
51 614 88 58 55 78 60 86 57 67 90 100 61 98 80 63 71 108 56 117 91 112 83 93 102 75 113 115 87 104 119 92 53 76 62 79 109 72 52 84 65 70 101 103 89 95 106 114 73 99 107 77 68 110 59 66 116 82 54 74 111 97 81 64
52 1979 103 82 76 111 61 96 105 72 79 89 118 94 66 68 106 81 110 74 54 77 114 60 104 69 119 116 56 71 70 97 62 75 64 86 65 95 112 102 107 115 57 80 83 92 91 117 85 113 90 55 67 63 87 59 93 84 100 78 53 109 88
53 587 114 99 54 113 110 77 119 103 85 82 64 120 81 108 63 93 102 98 109 111 79 94 91 62 107 101 78 59 104 66 55 75 116 97 68 70 118 73 69 115 72 88 57 96 60 58 90 71 86 56 74 89 92 105 106 100 95 87 117
54 619 80 57 94 120 107 89 98 58 56 109 68 105 65 83 55 87 86 113 72 60 101 93 82 91 74 90 106 79 66 70 71 97 77 104 119 67 81 100 102 78 110 114 117 59 111 69 115 88 116 76 118 108 103 99 63 96 64
55 1606 59 80 118 75 98 63 103 97 119 68 90 67 110 93 92 77 83 112 69 105 115 64 61 87 113 74 96 78 111 106 108 100 95 109 76 73 81 102 56 62 79 58 84 99 89 120 86 66 82 104 91 94 88 107 101 71 65 60
56 1651 74 107 102 99 88 114 73 115 76 94 111 67 87 119 65 83 98 81 85 86 109 84 78 93 82 100 113 108 71 110 118 75 77 120 92 79 101 91 117 112 106 89 58 97 61 90 59 96 69 66 64 68 95 105 70 60
57 1112 62 111 93 96 77 63 60 110 85 67 74 65 64 112 83 97 102 109 72 105 90 59 119 114 117 103 66 82 118 78 106 71 87 75 68 108 107 116 84 101 95 98 94 92 69 89 99 73 120 100 80 113 91 104 61
58 811 99 59 102 117 100 64 109 62 120 108 67 66 107 118 113 80 74 61 71 79 65 95 73 91 105 78 104 75 89 103 92 119 68 84 60 87 94 106 114 85 96 77 111 72 110 93 115 98 97 88 81 101
59 1511 116 68 88 113 74 110 90 105 62 83 112 76 89 101 118 104 102 71 98 67 95 106 82 109 64 92 80 108 75 120 94 72 73 86 79 77 61 91 107 66 69 70 100 78 60 103 115 65 85 96 119 87 81 93 117 111
60 821 73 87 79 85 61 115 84 116 104 114 101 64 81 100 110 120 117 80 70 69 102 74 98 111 78 65 106 99 108 94 72 63 97 71 118 112 76 96 93 119 88 107 92 77 83 105 109 95 86 91 82 103 113 89 68
61 1966 107 117 111 98 120 113 82 81 78 97 87 69 65 93 116 110 102 88 80 64 79 106 119 83 118 73 89 63 67 77 74 108 86 115 99 100 105 103 68 96 66 91 72 109 90 95 84 71 85 94 76 70 62
62 1530 70 118 82 72 96 74 102 103 73 68 92 78 80 95 104 105 115 69 63 99 76 97 86 84 65 94 81 100 106 77 108 85 116 111 93 88 87 117 66 119 75 113 64 67 101 109 120 90 83 114 79 71
63 2431 71 82 99 64 115 93 90 119 84 104 92 86 101 96 117 78 79 106 83 109 88 72 89 108 107 120 97 73 105 102 91 74 70 103 94 98 81 76 80 111 77 65 66 112 68 116 100 67 114 110 75 87
64 2482 80 119 79 86 91 98 114 73 74 110 100 71 106 115 111 113 90 65 103 75 77 92 109 72 82 104 94 68 101 85 118 88 83 99 112 116 81 107 66 84 76 93 95 69 120 89 105 67 87 96 97
65 993 81 116 109 79 88 76 94 114 84 105 115 75 103 93 70 71 69 107 111 72 95 120 91 89 96 67 117 80 110 118 85 119 87 98 101 77 106 90 108 68 73 113 100 86 104 74
66 1100 93 117 91 70 106 116 92 107 89 87 103 102 98 119 118 77 114 82 83 99 112 109 115 79 84 76 68 120 110 85 86 104 100 71 111 75 101 113 78 69 72 74 67 88 97 80 108 95 90 94 73
67 2261 99 84 98 101 76 92 74 86 107 80 68 91 85 100 87 90 95 102 78 77 83 70 115 117 119 104 81 105 118 111 69 106 97 75 88 96 120 114 93 116 109 79 72 113 73 89 112 71
68 516 114 104 80 91 92 70 111 108 76 71 69 84 112 102 116 105 81 96 120 77 89 86 99 100 118 94 97 78 107 95 82 83 109 115 87 98 72 75 90 79 106 93 74 101 113 117 110 85 103 88
69 2403 85 101 106 92 105 73 82 110 97 72 87 99 83 78 117 111 109 75 79 112 88 118 91 107 98 80 114 86 93 104 96 94 115 90 108 71 113 103 100 102 84 77 116 120 89 70 74
70 840 90 103 106 85 91 110 107 118 93 86 116 81 120 99 112 101 105 117 88 113 73 96 95 98 75 104 84 87 78 80 79 100 82 114 97 115 119 94 71 111 74 92
71 2228 105 77 81 117 120 72 102 97 114 91 92 73 103 93 112 87 80 82 101 111 83 115 75 118 85 76 79 90 86 96 119 74 99 108 98 106 84 95 110 116 104 78 113 107
72 1258 98 113 114 104 82 92 93 89 110 103 119 95 91 116 117 102 79 75 96 87 118 109 108 107 100 120 101 105 111 74 80 85 86 84 81 73 76 88 94 112
73 1300 74 108 103 112 83 76 116 107 94 79 119 82 114 93 101 117 113 99 87 88 111 109 77 98 85 75 104 106 97 96 81 105 120 84 100 110 91 78 95 86
74 1117 90 78 109 77 94 89 84 112 86 100 93 118 115 76 105 88 83 102 113 117 110 98 87 81 103 120 92 111 119 99 95 79 106 82 97 91 80 108 101
75 1919 97 95 98 117 92 78 91 84 103 116 110 86 85 93 109 115 77 88 108 99 82 106 89 87 111 100 76 119 81 96 113 79 107 90 105 112 83 120 101 104 118 80
76 1580 104 120 95 82 80 112 78 100 85 101 116 113 109 106 105 96 103 99 102 115 108 97 111 79 87 117 88 118 94 98 91 119 86 84 107 89 83 93 110 92 114 77
77 591 107 89 104 82 97 93 118 108 114 85 117 81 94 115 78 99 95 102 116 91 79 98 112 87 83 80 105 109 119 84 96 92 113 111 110 103 100 90 86 120 88 101
78 1181 98 90 84 97 109 92 82 118 100 103 95 115 108 114 113 116 99 86 91 94 96 87 93 104 120 106 88 79 117 112 89 119 80 105 85
79 1358 81 87 119 118 102 85 95 115 106 116 99 94 82 96 108 80 105 111 90 84 88 117 120 83 89 109 114 110 112 98 100 97 103 93 113 92 104 107 101 86
80 834 85 116 118 110 99 109 95 89 113 88 106 98 92 108 114 120 105 84 86 87 94 119 101 111 117 100 93 82 115 91 112 83 97 96 90
81 955 112 84 91 116 94 107 95 113 106 118 101 105 88 96 119 93 85 104 103 102 99 90 92 97 109 82 120 86 108 117 87 115 114 110 98 100 89
82 1029 89 88 117 93 111 84 86 87 96 119 116 83 105 101 108 95 97 90 106 85 115 110 112 109 118 120 91 100 113 114 102 104 99 98 103
83 1871 90 114 100 95 85 119 115 112 84 88 92 87 103 102 106 93 101 118 107 117 110 120 105 104 116 113 111 91 94 89 99
84 1042 118 104 87 100 86 113 99 114 117 98 94 103 85 115 101 96 93 92 102 109 105 90 119 91 112 111 120 108 106 88 97 89 110
85 1149 99 102 98 101 104 105 108 114 113 112 100 92 120 103 119 106 115 118 91 90 87 96 109 107 94 93 116 86 111 95 97
86 976 96 98 116 92 108 117 87 112 109 111 91 115 104 103 100 105 97 94 114 113 99 89 88 101 95 118 107 102 110 106 93 119
87 1751 109 98 119 99 118 116 120 117 108 114 100 107 105 115 90 103 91 97 94 89 88 102 111 95 113 112 92 101 110 104 93
88 1318 118 96 114 104 115 117 108 89 106 91 107 101 102 93 95 111 110 100 120 94 105 113 97 116 109 99 112 119
89 844 95 113 101 116 117 112 106 120 91 104 103 118 115 110 90 102 105 108 109 94 92 114 93 99 119 96 100 98 107 111 97
90 2319 120 91 114 115 112 100 105 99 119 116 106 110 102 95 103 94 93 104 98 113 97 118 92 109 108
91 1639 117 95 114 115 109 101 112 118 106 120 92 119 111 96 110 100 105 102 93 107 98 97 116 104 113 94 108
92 1867 120 95 93 101 108 118 105 98 100 102 109 97 111 110 107 119 117 113 116 112 114 94 104 96 115
93 1348 100 110 109 97 108 114 120 105 96 112 107 116 111 106 102 113 99 103 119 104 118 98 101
94 1126 99 95 111 117 112 119 97 103 105 106 110 108 109 96 107 100 114 118 120 116 102 101 104 115 98
95 1405 119 116 111 98 118 107 112 110 103 120 109 105 102 100 117 108 104 99 101 106 113 114
96 1841 100 117 103 114 118 119 120 102 99 110 101 112 107 98 105 111 97 115 106 104 109 116
97 1727 110 107 114 102 103 104 109 98 117 108 99 100 118 120 106 113 101 112 115 116 119 111
98 722 119 109 99 101 113 115 104 100 110 103 116 105 108 111 106 120 107
99 1414 110 107 106 116 109 119 105 103 111 100 104 115 101 120 118 113 112 108 117
100 1629 105 120 110 114 112 104 118 101 102 109 108 116 107 117 119 111 103 113
101 1063 114 109 105 119 104 106 112 113 117 107 110 118 103 116 115 108 120
102 1141 107 120 116 119 108 114 110 117 103 115 106 109 111 112 113 118 105
103 2387 115 118 111 117 116 105 109 114 108 120 112 104 107 106 113
104 1420 115 119 106 107 120 105 111 110 112 116 117 114 108 118 109
105 1759 118 119 109 107 112 110 116 111 113 120 115
106 1805 113 119 107 112 110 115 109 117 120 116 118
107 2500 119 113 117 116 114 109 111 108 115 118 112 120
108 1407 116 115 109 120 117 114 110 118 113 111 119
109 2044 120 114 113 110 112 116 119 118 115 117 111
110 914 115 116 111 113 118 119 112
111 1298 118 119 117 120 112 113
112 2056 116 118 115 114 120 117 119 113
113 1444 114 116 117 120 118 115 119
114 668 115 119 120 118 117 116
115 2155 119 117 120 118 116
116 2093 119 118 120 117
117 702 120 119
118 1405 120
119 910 120
120 603
