250 10000
1 1216 119 212 161 226 73 197 138 184 214 128 230 11 101 79 35 172 238 41 6 190 168 21 83 155 109 185 59 33 78 163 160 145 39 57 229 93 25 2 174 96 44 141 134 151 36 122 112 178 90 213 191 240 167 42 115 16 129 225 154 113 111 58 97 20 206 201 15 54 204 3 217 198 38 157 156 107 121 26 5 61 85 84 30 91 133 65 45 194 247 13 89 231 46 244 224 72 32 130 202 19 149 70 53 27 63 137 248 8 215 114 123 100 195 131 10 132 227 152 142 177 77 148 171 246 66 200
2 739 32 120 87 4 57 164 27 153 78 213 183 185 81 79 191 230 28 249 238 36 140 122 126 247 204 91 128 98 240 222 143 121 227 155 92 176 83 115 16 158 133 113 99 150 129 25 125 147 75 40 242 207 73 182 102 100 214 82 228 54 20 9 8 29 12 170 85 64 7 39 106 76 68 236 117 229 130 144 250 175 134 42 232 61 142 96 224 137 196 246 210 184 88 201 172 151 165 18 148 132 69 168 239 104 30 145 135 56 59 22 225 77 223 192 3 21 209 116 162 171 107 10 17 62
3 1432 240 6 150 125 61 235 163 117 32 21 26 149 119 44 140 49 73 219 245 94 24 118 48 104 29 168 241 187 217 194 20 211 165 74 223 9 80 22 155 84 142 19 224 109 81 158 133 196 156 110 83 205 7 116 10 170 28 248 151 4 182 86 115 247 213 127 181 8 229 37 225 59 193 23 63 100 52 78 57 45 234 204 18 114 190 64 191 107 92 91 46 88 239 188 93 130 5 136 238 179 50 62 200 141 112 166 216 12 137 146 232 206 220 161 69 60 152 82 75
4 1274 191 59 153 88 197 32 242 134 17 18 80 5 102 218 151 73 44 27 47 177 205 9 147 220 232 79 236 233 244 194 224 75 129 118 155 58 235 212 85 43 173 121 14 11 159 99 164 246 61 63 250 206 207 92 190 136 168 83 138 77 214 62 142 72 148 57 56 6 30 163 215 20 33 125 37 143 217 71 104 101 181 248 19 120 179 113 109 185 35 186 82 107 89 193 165 29 211 119 189 51 202 111 42 203 60 156 184 140 192 131 96 152 182 13
5 525 192 213 114 73 56 62 102 239 167 206 243 96 238 116 186 181 54 244 47 65 44 162 68 242 231 99 131 163 156 212 101 237 132 168 110 48 14 120 12 105 28 195 25 66 204 15 45 223 149 245 225 214 127 37 10 135 17 143 170 11 32 171 150 61 158 165 58 124 230 95 108 7 71 16 20 208 103 199 134 133 70 75 112 175 111 107 90 60 161 166 118 31 49 81 182 210 250 84 207 40 24 64 125 145 235 196 89
6 1963 81 36 116 95 209 162 14 232 215 140 127 235 248 142 149 79 173 69 187 141 31 166 172 157 76 145 132 247 50 180 250 225 241 181 99 98 106 47 194 83 153 97 63 146 41 249 52 213 176 120 226 198 30 179 160 51 236 102 189 144 212 200 66 75 49 171 119 218 103 138 88 82 240 84 156 33 186 71 199 224 219 32 77 39 7 68 64 121 237 151 207 163 158 60 242 168 108 57 196 55 19 155 91 42 193 230 188 239 150 92 15 44
7 1318 40 222 215 31 10 184 238 221 125 81 112 38 37 189 45 204 58 187 155 208 188 170 226 136 232 14 48 217 135 91 77 69 64 237 51 207 140 55 143 24 219 15 229 203 227 230 88 242 158 98 47 193 11 178 70 159 63 8 179 210 213 72 113 89 133 152 235 59 139 36 167 95 240 75 57 141 197 103 90 94 68 200 198 185 96 18 92 225 171 223 62 174 214 144 172 173 41 33 138 85 25 111 119 147 82 29 209 99 117 145 142 154 52 26 65 93 216 247
8 1862 88 225 32 151 39 157 186 53 29 56 168 78 231 166 190 106 226 242 185 218 64 12 207 117 248 165 221 163 34 178 146 139 240 173 175 33 208 114 99 98 103 18 20 246 237 243 61 245 154 120 140 94 31 21 135 164 196 19 60 90 129 183 115 71 198 210 201 58 212 194 70 69 126 167 169 229 199 219 228 101 47 43 223 215 66 111 95 24 97 11 85 118 147 80 73 241 107 204 203 26 137 216 45 160 92 195 28
9 1028 103 248 229 153 111 187 81 249 144 79 185 234 136 127 189 75 138 83 48 11 199 244 202 181 28 221 114 141 129 212 130 88 69 147 51 178 205 182 65 32 82 154 67 213 94 101 46 35 93 110 73 177 163 106 173 90 203 96 156 30 78 247 218 62 45 215 121 118 53 140 169 13 166 240 116 108 133 44 175 158 172 99 237 132 47 164 24 40 72 85 120 107 64 226 204 135 91 86 112 55 61 23 117 167
10 852 247 55 18 76 155 157 152 134 35 136 188 181 232 156 139 200 79 182 57 17 170 144 166 219 172 250 56 218 103 94 89 185 52 43 26 179 222 78 22 70 210 95 72 237 199 209 149 101 15 198 242 73 25 42 81 112 21 206 194 12 214 91 46 227 204 150 244 64 62 159 173 205 193 215 84 87 114 238 180 48 142 105 124 69 216 186 104 120 50 133 127 246 67 14 234 196 192 240 249 77 202 92 228 85 107 212 130 213 53 98 119 131 148 20 236 37 174 195 221 40 24 125
11 894 89 104 12 233 65 71 26 215 236 225 242 75 198 15 105 80 226 218 51 54 116 44 67 91 145 132 115 97 222 58 129 141 177 121 81 234 25 46 14 212 160 175 167 79 19 197 113 164 92 82 98 244 83 179 95 180 50 34 122 143 194 163 57 157 130 196 20 100 150 191 228 69 24 245 49 126 77 211 85 169 120 48 248 78 30 84 22 171 247 185 195 90 199 186 142 216 87 221 238 96 32 220 239 231 23 88 76 74 202 204 173 209 187 119 18 131 172 102
12 883 153 135 229 49 128 239 52 91 144 147 82 167 73 132 205 156 69 50 211 83 19 118 65 107 177 108 141 124 142 112 164 213 87 78 38 81 166 175 59 228 90 219 196 155 174 184 216 140 231 245 165 143 119 215 186 230 29 197 28 139 145 168 71 127 218 210 150 247 190 178 32 63 200 180 125 62 198 170 243 84 206 80 21 160 33 126 189 157 244 238 193 97 151 248 88 146 54 208 120 207 57 86 236 24 17 116 70 226 47 51 223 240 158 48 212 95 161
13 2204 237 64 56 205 142 177 148 87 121 138 133 83 100 126 150 215 55 102 157 57 93 164 151 144 31 229 140 15 40 123 139 232 224 89 214 22 167 230 120 52 16 156 84 29 175 213 47 219 94 173 231 61 81 79 185 183 246 104 128 49 115 200 67 42 17 33 187 26 239 226 45 165 59 244 19 14 221 32 69 103 181 82 249 46 135 250 119 174 130 172 88 210 146 95 240 190 51 107 141 39 233 248 206 238 147 208 98 122 198 217 247 168 92 227 109
14 1591 159 216 63 54 24 112 102 135 219 67 126 152 175 58 242 131 109 171 106 79 85 195 33 243 44 238 93 239 72 147 39 127 60 247 97 232 181 233 99 128 55 245 64 47 250 241 90 86 156 18 16 173 201 70 134 48 45 224 66 46 153 50 167 25 138 118 37 82 27 35 146 43 183 105 87 74 113 180 40 170 148 19 104 20 130 133 129 49 204 107 119 217 235 62 76 143 103 120 208 100 177 23 186 132 222 213 237 26 95 145 214 249 221 17
15 1378 52 127 157 123 185 217 98 240 242 53 124 199 190 241 183 131 143 141 78 208 49 134 180 92 114 133 237 33 144 226 153 229 203 225 41 166 189 222 232 59 63 28 125 221 22 228 176 31 215 66 20 160 39 61 68 88 128 18 122 169 142 79 105 104 159 76 110 194 115 219 120 73 55 107 188 161 198 213 175 35 87 135 249 57 58 224 23 38 37 25 51 72 118 69 90 231 162 91 230 45 201 211 46 174 101 137 70 233 177 93 146 210 16 113 109 246 206 186
16 2114 22 75 208 129 146 49 128 183 244 229 238 133 124 204 29 145 62 163 119 45 94 200 64 58 174 201 196 89 106 226 86 139 26 232 39 115 235 152 56 157 36 18 148 125 182 134 187 137 249 185 160 117 78 32 110 132 234 126 169 40 168 209 214 41 205 43 101 70 92 71 122 24 98 34 57 63 165 28 181 88 67 218 150 37 156 228 207 206 118 65 149 199 220 240 48 91 217 120 30 141 79 202 231 173 74 162 179 109 23 250 90 193 242 213 136 21 222 190 87 248 50 147 221 80 198 114 25 135 127 186 96 116 197 246
17 2182 36 128 147 238 157 42 156 28 187 175 23 20 174 135 248 68 221 62 161 39 143 194 217 146 224 112 74 115 132 80 116 22 169 77 18 189 49 179 195 205 87 88 104 131 109 193 232 25 171 142 114 172 111 63 46 121 113 165 184 207 83 44 239 51 186 98 162 64 223 192 213 97 38 196 242 240 37 229 40 61 246 122 78 125 60 117 235 153 164 228 41 226 43 119 233 56 33 27 183 67 149 79 90 66 250 48 124 107 236 92 141 35
18 2441 46 188 73 187 97 209 150 89 162 222 137 140 24 37 31 225 147 48 62 45 203 159 169 243 118 216 66 219 25 248 168 83 101 119 61 130 171 213 206 104 125 34 88 131 249 194 142 180 26 96 141 38 134 156 58 23 21 87 181 239 230 29 202 129 245 214 218 229 158 221 236 201 235 20 185 84 22 231 71 170 223 199 113 224 33 51 52 246 145 165 74 127 115 220 100 72 207 143 174 40 107 164 114 238 111 184 122 172 155 237 86 85 189 43 242 47 163 57 149 178 160 177 126
19 1581 68 82 40 76 61 89 34 215 148 102 50 78 139 35 39 27 156 83 178 194 110 159 141 59 88 160 143 116 79 47 239 33 30 196 84 162 153 65 222 43 206 173 125 70 46 48 187 235 167 105 234 60 249 113 241 37 67 171 25 72 64 244 226 146 217 128 114 144 108 55 133 112 168 109 130 211 42 49 100 233 98 87 138 56 182 225 216 229 165 77 199 212 73 86 103 21 75 183 124 63 28 193 145 155 81 104 237 118 53 94 38 36 150 240 93 180 246 166 223 177 23
20 2190 169 93 129 126 240 248 59 208 225 157 193 39 22 35 99 50 199 146 212 192 43 42 123 166 24 139 116 89 111 214 242 68 219 91 170 98 122 222 184 107 32 174 220 190 84 198 185 134 163 88 159 236 142 55 58 33 226 156 96 135 37 78 95 213 79 117 234 28 85 29 235 145 165 206 49 38 232 106 244 167 149 36 207 73 105 172 44 247 75 155 114 109 71 202 80 164 54 228 133 120 41 21 64 82 47 137 57 31 162 100 103 115 53 205 76 67 56 238 215
21 787 131 85 206 75 145 73 224 151 76 169 22 86 180 30 118 245 241 119 34 83 29 94 40 193 227 101 32 204 219 150 50 105 36 52 81 46 207 133 157 223 184 135 37 53 201 208 247 234 59 175 57 148 69 61 185 113 42 189 221 165 68 163 66 229 64 78 205 99 24 233 27 187 108 26 107 114 209 55 124 166 93 96 35 62 197 147 153 134 195 210 54 116 67 103 232 191 117 170 225 186 194
22 909 130 229 64 128 147 241 225 110 27 85 51 209 145 45 161 142 157 231 82 143 186 208 35 92 197 95 59 250 29 180 234 40 201 148 44 42 152 111 235 175 117 150 47 178 206 173 160 140 226 70 77 139 191 115 155 170 41 105 169 91 34 207 112 205 193 94 106 121 72 63 53 163 232 125 196 113 56 120 228 102 167 171 154 48 133 141 126 109 68 49 80 107 190 247 132 32 216 138 135 176 65 108 204 104 114 238 198 73 84 194 242 24 185
23 2452 249 52 189 130 59 155 32 229 65 106 74 230 40 88 198 228 156 36 171 54 45 123 96 87 170 127 29 85 242 202 78 33 124 137 27 181 49 180 76 239 143 118 220 223 250 151 182 206 121 99 129 240 94 84 236 246 139 195 165 133 122 125 196 131 26 163 157 201 233 199 248 100 178 140 119 217 132 192 116 172 43 152 167 37 66 169 150 214 58 191 42 63 109 24 61 51 207
24 1144 63 188 32 213 60 105 57 122 224 149 230 207 113 123 237 130 148 111 51 53 97 107 61 176 173 206 38 50 228 208 190 44 196 195 77 92 184 178 185 83 183 212 35 67 102 250 223 128 152 249 221 117 189 39 151 31 99 202 106 127 80 65 36 220 45 161 157 201 219 120 74 222 203 162 108 193 47 126 27 91 243 52 115 29 69 169 75 55 43 90 155 181 233 33 248 125 131 214 192 156 137 140 175 197 25 49 104 129 62 71 236 240 40 85 72 238 232 66 95 133
25 2391 115 63 64 180 220 161 40 47 237 145 62 162 241 138 84 53 137 199 126 167 224 108 234 41 117 107 31 65 225 141 98 170 28 79 247 32 66 67 30 101 184 97 85 112 219 96 49 132 76 239 75 27 50 91 120 100 136 131 211 51 229 166 195 146 217 45 60 178 250 176 113 111 212 245 134 155 77 228 123 177 57 191 109 236 44 197 103 193 216 104 187 242 133 209 173 82 222 198 99 56 122 204 74 71 249 26 86 188 214 54
26 1570 232 45 47 172 74 250 57 206 106 146 174 34 183 81 185 85 87 55 99 194 163 64 83 152 140 143 204 63 156 113 142 117 211 41 51 184 157 171 238 107 43 159 94 248 217 158 70 165 69 29 191 145 233 125 101 135 60 173 62 209 178 210 130 236 53 225 242 96 161 98 123 230 188 77 246 195 66 148 38 141 221 224 50 95 144 59 227 72 137 228 93 128 133 78 164 108
27 2437 206 87 100 37 180 63 79 142 70 208 104 28 105 89 231 29 148 38 97 219 154 34 250 152 207 116 76 214 132 61 145 190 122 94 209 204 201 40 32 198 127 123 108 212 120 238 49 182 47 167 215 73 158 103 85 202 48 133 162 157 95 235 203 101 39 119 175 168 91 164 140 192 247 112 172 226 83 139 53 216 240 54 113 248 124 189 138 186 143 232 111 93 196 51 78 176 59 137 88 144 109 197 163
28 1426 195 221 203 84 175 154 123 178 248 89 218 164 64 138 200 122 47 36 50 76 44 176 128 225 79 206 191 242 183 60 186 117 94 181 68 34 136 57 157 228 227 30 208 250 230 134 147 86 189 118 207 249 165 132 223 126 111 213 210 61 226 103 71 88 198 75 78 45 237 65 161 63 238 209 182 127 42 247 169 108 53 40 214 163 141 158 41 220 212 184 188 145 48 100 144 98 239 93 240 101 113 59 196 135 243 172
29 1043 87 236 183 30 174 135 141 247 151 97 228 59 211 118 123 86 179 159 36 201 137 199 194 31 144 235 115 158 145 66 67 39 156 217 186 172 198 200 162 90 165 230 196 57 152 219 101 223 60 51 93 142 132 79 41 33 221 232 231 111 74 166 237 114 100 173 190 55 125 207 71 37 215 184 78 164 91 112 80 203 109 44 246 65 143 124 73 167 81 104 61 193 52 89 168 214 38 85 128 222 202 69 208 243 64 43 149 212 140 233 225 45
30 944 115 119 84 112 32 225 157 41 105 104 184 35 238 241 77 193 195 207 248 166 99 36 145 118 155 86 49 125 170 54 138 130 187 100 217 168 219 202 158 85 121 140 231 113 89 223 60 75 65 243 40 191 220 149 159 189 128 209 169 210 47 95 165 110 176 93 78 198 62 48 64 180 154 186 150 164 205 127 120 224 33 178 61 142 69 245 133 38 101 108 230 183 66 232 212 141 250 151 249 126 124 213 117 70 148 94 233 197 57 44 42 31 81 239
31 1382 118 151 49 209 216 37 225 126 210 82 149 205 153 135 208 110 239 64 40 203 188 104 147 98 96 145 72 61 161 233 79 46 224 246 189 71 197 56 134 125 158 36 144 114 76 177 250 148 32 87 67 220 119 169 171 227 142 60 143 88 217 124 152 162 249 139 243 90 242 248 213 102 235 34 179 101 234 136 138 65 55 172 201 45 204 184 190 168 163 238 176 183 159 92 146 99 187 178 131 200 91 68 229 160
32 1316 78 87 190 133 147 231 109 38 245 48 106 153 70 116 194 121 197 146 76 155 206 184 89 81 72 148 185 150 73 144 52 205 53 225 83 201 159 139 54 198 92 204 218 56 149 193 220 71 154 173 142 246 77 188 224 219 141 100 129 34 113 152 107 61 161 156 37 175 45 97 43 163 127 214 105 99 125 213 169 42 212 207 117 174 67 36 59 215 57 178 62 136 223 94 176
33 1184 124 105 192 88 206 82 107 70 123 39 152 118 137 241 177 79 115 220 37 125 223 69 239 161 170 57 84 211 61 91 73 218 202 171 207 179 53 87 230 80 68 186 81 131 208 120 183 153 250 64 59 188 242 162 184 122 51 165 244 99 196 200 86 172 117 149 66 89 198 231 78 113 54 45 110 213 41 34 224 126 36 90 111 150 243 141 240 248 197 199 163 158 169 173 55 58 102 157 136 65 74 210 233 47 154 214 148 222
34 2315 209 54 247 98 125 51 143 147 88 131 214 134 69 63 218 126 155 40 94 238 129 116 133 164 228 43 41 195 44 82 113 198 250 229 89 135 36 45 197 96 174 220 140 108 124 144 111 182 156 142 244 99 146 225 153 186 222 194 53 130 47 37 239 50 79 148 127 72 242 187 122 200 175 204 97 60 141 118 121 48 81 227 145 80 161 213 219 189 139 176 67 162 52 211 151 203 158 105 123
35 2090 208 49 73 153 165 91 181 66 183 227 110 60 199 89 141 205 37 177 57 168 164 167 59 194 160 108 79 38 127 54 242 81 55 214 250 118 188 191 97 135 123 51 173 170 63 72 95 87 171 131 117 147 182 193 184 238 163 239 88 53 158 237 228 100 185 235 64 39 246 150 45 224 121 144 129 172 111 90 220 225 113 44 114 221 212 157 154 109 50 86 126 151 40 107 186 98 132 179
36 766 169 155 103 109 114 247 46 141 211 214 170 150 56 208 70 128 117 127 218 126 198 122 159 54 239 83 59 67 90 44 71 64 38 47 104 100 206 188 246 125 227 66 154 143 226 96 183 75 120 203 92 181 193 230 189 201 40 49 101 102 62 135 213 146 86 202 178 249 163 139 244 224 175 133 191 76 194 85 220 74 89 97 107 113 110 228 51 180 162 41 82 124 190 196 250 210 142 156 69 111 234 231 153 116 65 199 209 39 197
37 1334 126 72 191 107 175 188 201 99 167 68 70 89 239 238 80 69 176 231 119 101 116 227 206 170 91 78 75 59 165 185 55 154 46 113 203 178 43 200 152 224 250 157 219 187 163 230 47 71 67 125 120 94 247 133 183 244 49 242 216 202 112 38 131 129 122 139 181 158 114 144 150 83 138 149 100 248 74 169 189 177 123 217 232 104 168 108 44 87 45 41 145 229 53 155 204 85 243 218 193 212 102
38 907 208 50 55 220 87 156 110 194 75 86 63 116 186 134 69 163 223 76 97 207 47 158 165 206 132 130 225 70 235 166 193 152 61 202 188 68 184 111 247 46 53 104 99 173 183 160 43 198 135 189 107 138 229 145 248 128 131 96 176 218 143 209 83 161 154 182 81 90 169 115 48 64 190 242 101 226 88 155 102 141 79 142 211 192 215 74 40 41 177 219 57 129 181 217 127 45 168 227 91 214 213 150 191 199 125 105 84 221 82 78 108 171
39 1685 214 117 126 123 52 125 230 44 85 236 61 237 238 118 202 240 92 81 186 65 157 130 215 101 111 66 76 128 188 178 152 159 195 142 41 106 147 96 67 228 98 99 160 93 220 68 46 94 136 209 179 150 247 203 103 167 88 191 50 55 170 43 171 114 192 161 151 122 164 221 104 185 193 172 206 121 243 249 174 87 244 207 40 233 231 127 200 204 112 219 148 169 196 73 245 132 64 162 82 120 210 175 213 131 153 222 168
40 1862 72 185 208 204 235 98 76 110 112 167 216 94 203 148 122 179 163 159 151 189 116 155 182 104 173 42 247 175 186 82 125 79 223 113 210 56 245 197 227 124 74 115 83 153 178 45 95 214 58 130 143 117 61 139 206 121 138 238 64 221 142 119 202 128 131 200 244 97 137 145 65 107 150 80 67 41 135 81 176 171 108 47 226 66 102 218 222 170 99 71 236 211 78 172 165 46 69 180 77 220 86 106 44 207 240 217 85 201 246 103 158 239 190 136 225
41 816 150 63 80 129 165 102 188 160 201 143 227 131 139 51 153 45 84 124 224 195 168 135 111 205 58 57 134 248 218 156 206 198 204 50 154 136 241 59 107 191 101 122 141 86 103 112 81 169 49 182 56 243 47 216 192 67 88 76 237 219 77 229 85 155 232 75 133 70 123 196 113 105 62 225 91 98 52 74 117 178 236 179 217 132 120 159 108 175 142 189 250 185 42 246 69 208 158 94 43 151
42 2080 222 233 79 207 90 172 238 145 156 100 56 232 113 74 153 236 210 234 216 174 187 85 126 188 161 235 170 96 243 75 246 175 132 138 129 211 181 194 186 157 203 58 166 220 93 213 149 137 229 198 49 164 61 189 204 122 106 230 160 47 168 165 247 64 141 221 114 202 223 131 63 66 245 178 48 102 231 65 191 155 133 208 115 179 54 127 248 82 124 55 214 103 193 123 77 183 50 52 111 173
43 1802 183 225 44 133 85 229 130 230 74 213 198 71 124 224 242 54 174 217 193 118 111 238 227 94 166 92 154 57 129 162 83 87 209 186 190 65 137 132 249 68 245 113 233 244 202 91 123 144 105 115 55 185 239 126 180 158 81 108 148 104 101 211 178 164 214 191 175 240 235 64 45 61 60 141 167 199 110 237 52 88 121 226 150 173 79 51 90 169 127 236 72 159 220 80 50 176 243 98 165
44 519 151 162 180 63 123 94 68 95 161 206 212 135 127 126 107 46 248 230 75 233 218 208 92 59 137 51 49 83 48 205 167 188 111 239 183 72 154 200 157 228 140 175 71 184 74 82 241 141 203 249 77 245 116 250 201 125 197 169 215 79 122 52 67 213 78 76 229 144 47 147 105 158 87 129 164 237 139 102 84 191 148 235 179 58 187 214 238 130 165 66 99 88 69 50 131 120 128 240 193 236 106 177 192 160
45 727 208 228 231 105 46 239 235 131 243 181 69 78 226 119 174 135 143 163 157 66 220 49 203 190 93 53 179 82 189 207 180 88 140 137 225 242 97 186 51 159 61 211 107 76 176 250 229 168 227 237 71 233 70 249 121 222 153 132 101 87 158 118 111 230 91 173 55 175 165 116 150 196 96 99 199 187 214 81 109 124 192 232 62 89 164 84 60 151 98 152 94 48 129 183 112 75
46 680 64 215 100 81 120 177 178 202 87 248 218 226 141 163 66 207 236 157 201 69 62 229 129 198 73 96 208 83 172 49 242 180 190 158 125 130 174 187 184 203 162 92 108 53 70 98 136 148 210 124 216 205 131 153 121 118 173 227 196 105 228 213 146 244 104 112 91 74 179 113 160 138 132 223 164 238 90 103 209 107 217 77 65 191 243 185 88 194 247 75 80 79 249 211 175 230 128 161 58 127 95 199 221 126 250 117
47 1691 107 188 207 160 175 193 131 86 195 122 228 53 77 75 236 61 87 51 89 63 145 106 182 91 83 163 71 169 48 224 79 232 208 220 149 156 62 141 102 158 223 100 229 143 226 209 56 183 231 237 144 215 249 170 196 119 176 70 135 147 180 186 94 97 189 68 128 157 121 73 211 168 99 60 116 244 111 92 221 127 201 243 81 80 105 132 185 55 137 191 110 115 103 150 136 130 199 217 184 159 219 161 129
48 1966 151 66 155 230 220 242 180 234 240 126 244 250 102 231 189 79 118 175 97 198 82 224 76 185 88 179 120 190 153 90 166 131 201 64 49 246 159 50 217 141 183 174 106 222 239 122 228 160 202 227 233 138 139 215 200 116 210 203 248 225 249 84 123 95 146 68 103 110 99 143 108 181 137 101 128 77 54 186 158 197 56 204 165 226 85 94 71 171 132 109 147 229 245 111 78 247 119 163 80 73 167 104 81 218 213
49 2178 70 216 58 211 176 122 124 88 219 179 170 113 103 89 152 238 130 204 117 222 123 223 116 169 243 228 226 72 157 240 249 97 145 127 140 181 51 166 106 164 77 150 236 199 126 148 160 99 156 133 171 120 231 221 141 172 167 144 246 161 175 158 87 163 234 248 242 83 173 180 91 241 71 93 129 52 139 95 250 233 118 54 205 110 165 90 177 134 225 200 184 196 67 188 102 209 210 56 189 98 229 230 182 191 220 244 100
50 771 150 85 183 192 115 77 92 96 164 128 235 207 208 81 227 170 158 160 126 239 203 173 200 99 104 228 135 88 141 137 142 59 174 176 131 146 103 236 116 140 153 75 222 187 107 221 108 182 130 66 53 247 60 180 71 147 250 55 161 124 136 127 152 129 242 219 196 58 74 149 155 185 191 112 93 224 212 101 169 220 168 67 194 210 166 95 105 244 139 68 125 114 110 204 249 122 241 243 63 76 134 120 199 226 156 148 57 65
51 1655 112 60 229 145 165 102 91 84 125 230 158 248 200 68 120 226 129 160 150 178 159 63 97 219 148 86 128 72 204 211 225 215 194 192 168 65 233 213 210 95 228 61 208 224 55 71 207 79 191 245 64 62 236 190 232 227 156 106 127 96 176 152 246 74 110 169 203 241 174 184 104 90 85 137 88 243 242 239 183 103 155 92 141 124 221 162 235 83 182 94
52 2022 182 117 248 222 126 213 224 106 95 100 97 112 142 77 187 250 134 230 75 130 164 162 59 139 72 129 233 201 205 80 99 246 226 183 206 153 68 204 103 152 200 93 69 174 114 141 238 208 235 169 144 67 184 151 94 243 128 237 247 175 156 74 188 101 87 105 107 85 229 178 115 131 81 66 227 218 55 236 199 249 146 241 70 57 140 116 138 223 119 172 177 212 193 58 207 63 161 185 123 209 88 73
53 738 75 108 239 179 223 131 138 118 193 235 111 109 74 130 150 144 173 110 87 192 248 236 190 128 207 205 164 123 185 148 73 125 241 228 231 175 85 221 94 59 198 120 197 210 140 90 98 216 84 55 166 107 72 86 183 156 201 214 191 202 204 218 159 92 114 234 162 168 160 99 124 245 246 135 95 174 176 63 69 58 103 70 222 77 226 89 196 211 219 81 178 67 65 213 83 171 232 244 200
54 1606 234 156 164 190 197 95 76 82 215 228 250 66 217 185 232 94 137 83 116 138 203 169 121 143 147 199 58 239 65 134 135 163 109 246 238 200 177 103 191 112 148 115 188 214 206 193 79 140 222 225 84 74 113 85 230 104 241 212 248 218 231 97 170 236 178 209 153 101 202 78 205 157 136 219 174 210 172 243 158 117 149 244 201 69 61 67 141 182 99 245 181 107 180 126 90 150 211 167 189 151 145 162
55 2223 249 70 89 114 202 248 222 123 169 193 87 176 156 143 174 178 218 72 124 85 147 195 115 106 71 132 159 214 210 235 69 162 95 158 211 76 127 58 145 93 104 164 239 170 129 82 181 59 244 215 198 184 200 56 139 171 179 203 153 168 107 177 234 57 231 190 92 74 233 185 188 112 109 130 240 245 128 135 186 221 229 100 110 175 161 60 197 79 230
56 2186 171 87 175 127 67 212 168 186 215 152 195 153 240 126 161 183 148 151 99 169 85 197 246 217 160 156 82 119 236 132 136 223 89 74 104 96 83 191 162 141 203 231 208 63 198 107 188 131 157 211 206 150 64 116 135 189 72 147 121 149 202 165 137 219 242 227 205 210 66 233 76 103 97 58 105 232 230 78 59 90 118 190 237 244 173 94 69 98 62 192 115 235
57 2234 133 159 198 207 249 100 80 135 237 236 170 86 152 235 166 117 143 74 83 169 204 138 136 140 189 139 190 89 230 203 59 111 68 102 115 79 228 187 226 155 196 221 165 96 92 144 233 179 217 199 97 232 126 205 191 156 173 131 90 77 66 194 108 125 146 177 91 171 98 150 124 71 58 107 202 149 116 174 73 118 197 65 103 70 248 227 142 148 82 105 201 76 163 181 134 188 225
58 2160 201 207 85 146 138 231 234 229 80 199 105 227 183 171 193 245 103 249 154 206 178 219 128 114 62 159 202 200 208 241 216 153 107 124 67 111 88 143 97 150 243 187 155 203 59 115 149 172 110 75 112 123 211 84 244 129 240 122 106 182 239 99 209 137 108 248 77 71 230 189 142 173 160 177 134 83 174 94 95 204 163 166 237 127 120 247 69 232 130 66 205 158 96 145 191 91 139 61 161 152 169 125 109 223 140
59 1111 231 69 200 245 88 128 202 187 124 66 77 229 188 117 65 214 186 141 70 72 248 84 104 126 148 207 119 138 206 145 78 234 204 176 212 142 132 160 215 163 240 87 228 98 194 167 168 85 171 86 213 129 140 243 230 112 152 157 239 135 100 216 179 250 92 221 209 101 233 90 178 144 154 111 172 155 82 75 99 156 60 199 169 73 227 79 96 166 116 161 158
60 2334 124 219 205 183 142 192 72 195 107 76 248 154 189 220 229 92 71 171 215 163 181 87 127 97 96 212 100 132 106 65 250 240 209 145 184 177 208 202 245 105 199 210 70 153 111 164 88 233 186 137 80 166 102 121 246 78 108 104 73 126 176 193 214 112 134 239 197 110 235 225 122 81 135 232 86 206 201 187 103 241 227 236 75 175 98 185 221 69 218 223 120 194 147 228
61 2161 136 247 90 199 177 119 133 86 198 67 134 158 214 96 179 111 188 243 109 246 187 149 145 167 228 180 150 147 132 70 172 84 126 162 80 182 249 225 130 124 98 234 227 88 89 77 226 211 123 224 87 118 140 168 190 213 231 181 99 63 196 230 73 250 215 229 144 122 159 242 175 171 220 115 238 113 239 217 128 62 170 223 78 75 189 245 160
62 1550 207 180 76 197 237 68 247 229 184 98 87 226 131 234 201 249 138 166 224 162 231 182 121 217 108 126 136 153 189 238 124 85 148 120 186 188 193 74 191 152 219 140 230 150 204 129 107 94 75 192 71 156 146 154 195 110 109 248 167 179 176 174 82 116 106 206 214 181 133 240 113 78 172 70 209 227 135 79 165 99 236 125 164 241 89 143
63 1149 232 245 240 102 177 198 98 166 164 160 218 75 186 205 221 127 113 241 115 146 171 229 124 236 185 140 96 184 117 105 128 202 65 154 122 248 131 187 79 179 90 132 169 150 209 217 234 141 191 92 239 130 224 97 135 72 110 223 250 249 81 210 190 219 123 194 103 68 84 114 238 106 111 203 119 182 165 148 104 226
64 2402 83 188 127 137 207 122 115 195 154 237 223 90 243 124 87 84 96 171 77 234 142 110 175 134 196 108 213 76 184 198 235 174 197 155 129 164 249 170 153 209 187 202 150 178 165 160 157 107 229 168 114 82 75 203 169 70 136 218 121 128 180 177 238 91 240 73 219 106 233 99 189 118 145 217 181 186 97 86 130 117 119 143 210 152 93 146 246 158 105 67 116 111 239 245 95 227 212
65 1364 205 242 181 203 208 122 90 82 243 193 141 189 127 113 106 84 133 196 217 91 244 228 142 192 155 70 169 216 151 73 226 212 99 191 231 204 143 232 202 183 165 179 120 178 170 194 167 68 245 234 206 139 108 175 121 220 81 138 72 119 86 77 125 224 96 215 227 200 69 222 74 156 184 140 239 149 219 135 154 168 123 248 89 197 66 136 76 93 100 112 160 94 173 148 182 211 85 221 159 146
66 739 111 72 114 113 94 73 194 143 231 89 147 138 91 81 155 119 189 115 160 178 140 214 198 239 156 157 152 95 135 127 77 247 228 234 213 141 219 162 218 216 117 153 96 179 123 173 122 174 190 85 242 212 139 146 86 229 249 154 200 210 128 238 168 232 136 132 102 208 110 75 169 165 109 87 164 148 188 241 97 116 248 125 100 205 215 243 191 236 224 181 105 83 221 182 92 126 118 107 246 237 131 130 106 112 99
67 2225 199 73 151 89 71 177 75 185 203 197 249 114 133 214 143 76 121 172 190 240 207 90 178 149 242 228 213 78 232 130 154 164 181 200 94 135 218 138 204 187 72 99 157 70 243 156 125 111 126 169 137 192 124 115 226 175 206 179 195 77 120 162 107 128 250 191 117 79 224 131 69 136 223 219 174 92 211 105 248 166 118 155 100 247 170
68 1755 166 245 149 225 165 77 90 220 97 106 215 104 184 116 218 173 158 202 69 196 162 93 250 176 160 169 124 85 221 141 205 247 99 194 241 137 207 200 150 72 112 172 74 180 189 105 120 222 201 142 203 238 216 122 151 170 75 139 144 135 117 212 70 119 237 181 229 190 236 209 214 115 171 152 86 92 78 73 111 244 224 146 204 159 183 84 239 213 125 177 231 195 100 98 114 164 136
69 703 80 231 185 172 118 166 224 211 199 138 248 153 240 207 233 161 162 192 150 249 227 119 73 220 142 204 87 95 131 186 101 137 115 126 223 229 157 140 242 167 250 237 181 114 177 106 78 136 171 163 213 112 247 215 239 235 246 170 84 208 180 107 74 234 129 201 176 128 90 99 155 216 143 245 123 94 183 111 102 225 81 202 198 205 194 75 212 127 174 226 110
70 1410 173 244 90 145 213 91 116 164 180 202 161 217 239 130 218 230 79 165 93 183 159 101 189 233 139 243 152 125 105 131 160 103 154 123 148 179 72 76 175 98 147 104 128 146 118 215 126 234 108 119 229 142 99 162 250 212 188 207 249 122 92 172 85 134 163 95 182 245 143 157 153 238 124 87 227 100 198 177 247 80 168 174 150 184 133 186 132 240 194 193 209 140 242 73 176 196
71 673 241 179 90 144 101 213 145 114 86 208 173 191 78 135 230 137 237 229 217 155 129 205 105 96 77 117 188 207 219 240 243 166 172 76 138 103 92 223 123 186 163 118 99 167 111 140 87 110 116 97 126 72 232 139 198 79 113 176 156 228 249 236 238 187 184 109 202 104 152 182 106 168 136 154 214 227 108 185 239 178 74 143 130
72 1020 143 88 219 102 165 229 75 210 225 242 169 214 91 77 233 185 130 111 96 191 147 161 76 222 227 82 167 245 168 104 153 218 159 110 205 166 152 220 209 215 154 178 181 114 129 241 138 157 174 198 158 113 203 132 249 216 80 128 250 231 221 175 237 213 232 223 189 125 217 149 99 160 238 150 190 176 79 204 184 93 173 105 247 171 78 86 186 89 202 180
73 546 90 239 179 77 229 92 84 182 172 227 192 112 235 231 76 207 128 143 250 226 94 243 105 200 202 195 201 177 180 189 176 138 91 220 205 173 79 158 232 187 127 199 233 216 157 242 120 156 148 161 181 150 146 119 107 236 132 108 163 147 131 82 125 234 193 212 109 115 240 142 87 162 168 241 160 88 213 121 106 188 140 211 101 93 218 97 230 196 184 228 237 139 133 190 245 144
74 1976 94 238 219 231 209 183 128 217 199 216 146 187 116 227 233 113 90 162 129 232 127 166 95 165 164 107 141 85 247 88 149 197 214 190 97 159 122 246 119 109 173 124 145 121 220 242 105 213 111 201 75 106 236 99 114 81 126 133 180 169 215 193 175 115 153 137 240 245 138 210 208 123 221 212 226 98 218 202 155 142 102 203 230 135 248 139 178 92 181 117
75 596 147 83 221 149 85 182 120 128 239 185 148 200 216 133 84 208 177 132 203 150 146 178 172 225 248 94 79 206 108 218 214 205 119 175 236 229 118 92 89 207 220 226 154 99 106 238 195 151 217 139 223 224 131 180 240 114 237 125 181 179 137 162 87 123 234 233 153 196 245 246 156 187 170 186 194 166 102 160 100 199 184 247 231 183 215 112 145 192 250 78 241 209 109
76 2331 213 164 205 143 131 84 81 183 249 230 245 151 85 119 227 82 120 114 225 185 134 126 80 215 146 199 161 214 122 111 141 238 86 150 103 180 93 240 189 228 174 100 117 188 154 144 160 162 178 248 77 204 88 169 102 243 115 133 236 105 149 132 250 177 127 203 142 166 196 222 175 229 138 191 101 123 145 172 99 113 219 210 128 89 96 200 173 152 184 121 194 176 195 140 87 216 247
77 1713 232 95 173 108 181 81 115 101 130 219 182 186 193 104 146 122 151 179 102 143 235 218 242 197 189 109 203 217 161 117 207 215 227 185 118 170 144 128 200 88 206 210 168 176 149 166 153 208 225 237 172 134 169 188 234 140 247 238 243 222 178 99 133 141 137 156 205 112 196 121 103 180 94 214 175 249 230 100 195 154 125 194 174 96 177 158 123 248 233 192 228 86 202 129 183 224 246 239 216 221 145 131 220 148
78 1344 109 213 114 117 169 192 177 168 120 179 239 98 148 250 201 96 207 97 127 205 218 162 136 198 146 79 126 182 134 195 123 110 106 176 217 194 138 107 113 158 84 144 184 214 85 132 230 232 246 225 155 180 226 212 80 245 231 204 104 187 124 249 189 102 153 121 103 83 115 247 200 229 156 154 165 151 222 91 88 244 161 227 186 125 233 242 94 199 190 157 116 87 139 128 122 163 208 167 159
79 1354 211 177 121 203 101 100 82 85 117 209 157 198 128 246 86 219 143 189 84 174 109 191 161 164 242 241 184 156 97 225 155 120 136 231 88 80 122 81 236 160 131 224 105 250 221 93 206 99 151 149 96 204 163 91 205 126 181 202 142 111 168 194 169 249 188 87 115 197 144 125 106 213 178 229 134 228 245 232
80 947 235 88 128 126 209 115 136 152 197 161 178 134 238 224 175 135 177 95 225 149 147 180 243 239 179 176 247 193 174 82 212 102 199 145 229 220 131 83 144 108 165 204 191 242 162 139 245 127 183 124 140 248 148 185 92 241 223 211 194 156 151 141 166 120 164 91 98 86 130 187 227 96 99 116 188 85 169 158 87 84 206 100
81 1173 175 223 178 145 168 86 141 146 121 173 157 171 138 96 83 122 237 182 158 139 97 220 228 90 242 148 105 135 91 248 204 189 190 174 102 207 245 144 235 136 112 82 241 240 194 130 209 160 110 159 232 203 201 109 210 193 249 128 140 226 154 162 224 196 100 126 208 99 205 244 227 92 142 101 123 239 133 214 212 143 170 115 125 161 202
82 508 92 211 97 102 100 216 170 93 143 222 160 149 199 150 138 197 234 162 122 145 85 196 136 214 94 151 215 227 228 200 141 169 248 183 182 91 173 202 95 130 180 209 203 246 223 103 157 221 112 190 188 154 205 101 225 163 86 131 89 165 192 204 236 110 167 243 111 250 185 147 206 116 88 171 114 142 208 239 152 231 96 181 174 137 187 166 159 213 191 140
83 2027 112 182 243 185 118 136 146 204 124 245 154 197 93 170 219 191 117 201 106 236 114 222 161 176 101 178 157 181 218 149 156 89 148 147 241 88 167 246 119 200 138 214 153 105 102 164 142 177 199 180 193 213 92 126 211 196 212 111 104 249 186 162 247 210 189 99 160 145 238 121 225 198 208 242 209 190 224 123 86 233 115 187 127
84 1411 238 162 160 127 107 165 101 201 244 112 113 205 224 99 206 118 210 145 221 216 105 228 120 130 142 226 212 234 222 214 247 137 185 125 163 157 242 217 208 225 181 211 187 131 85 96 97 223 102 122 219 167 227 103 193 218 186 240 249 164 235 153 111 135 89 194 231 144 132 121 95 230 126 169 173 233 245 154 136 171 117 192 150 172
85 1172 248 228 246 207 184 225 114 161 137 209 233 138 101 89 208 176 180 117 229 145 100 204 182 111 140 88 162 181 164 172 90 151 112 185 119 142 190 97 94 170 188 249 200 146 240 105 214 115 222 132 149 217 189 127 202 148 193 124 177 232 163 216 250 86 147 236 179 107 130 126 194 120 169 153 133 99 174 175
86 1749 209 216 98 116 228 189 226 236 218 174 219 110 238 131 145 99 212 142 249 184 159 178 103 246 203 199 220 234 197 192 144 130 244 223 210 105 160 136 201 100 92 127 109 112 208 118 166 215 221 107 134 90 140 217 177 111 186 182 119 214 124 158 207 173 148 139 135 211 128 94 227 213 181 185 169 137 247 117
87 1096 136 102 240 190 165 224 137 147 172 158 103 184 154 231 232 191 118 157 110 239 202 208 142 247 88 205 161 159 107 105 222 152 91 131 167 230 200 248 114 134 122 217 126 98 183 156 127 214 235 219 236 162 203 148 181 129 229 250 164 220 175 204 228 115 145 209 218 124 223 150 215 119 96 106 89 99 153 245 163 141 227
88 905 211 127 217 226 111 110 123 122 200 223 164 215 95 116 175 163 148 185 242 147 216 90 238 98 189 97 210 184 136 134 152 173 182 126 129 145 143 186 166 113 203 106 236 114 233 107 230 115 192 250 117 138 224 109 204 228 229 231 196 193 135 219 239 174 149 218 213 205 128 161 171 206 234 246 245 103 248 155 104 225 100 121 141 144 194
89 965 198 160 229 187 101 104 174 183 223 150 113 189 114 235 177 156 184 123 121 163 241 192 205 100 249 207 201 103 148 105 224 90 173 217 142 202 167 102 99 248 140 222 213 136 237 176 221 119 166 92 245 226 182 195 238 94 215 168 137 147 210 144 96 250 236 125 220 106 159 122 243 154 111 225 191 93 206 146
90 1264 171 224 231 172 112 141 188 190 243 215 94 192 106 226 177 153 129 223 121 193 132 104 249 128 134 136 209 145 157 142 176 195 122 238 232 131 239 196 114 206 214 225 230 250 155 218 163 147 110 180 241 228 120 165 124 219 240 244 181 185 229 208 205 150 178 242 93 248 148 115 197 174 227 183 211 125 246 217 169 210 235 203 130 182 111 97 168 100 159
91 2296 148 106 153 130 147 241 104 113 204 223 109 123 160 129 227 134 96 247 226 121 243 116 92 107 99 191 216 224 170 95 97 211 117 184 103 242 157 194 119 188 250 238 146 196 145 209 176 248 122 125 183 190 136 151 201 155 210 212 163 198 202 179 181 167 232 231 114 143 94 236 229 162 237 126 173 195 180 185 200 197
92 2184 144 140 225 228 162 142 218 154 215 177 96 153 237 246 214 192 230 101 158 156 93 187 212 222 182 131 195 176 238 157 133 143 175 201 197 191 185 120 236 172 242 127 190 203 112 171 227 206 152 178 151 200 173 164 168 139 245 137 146 207 184 234 221 110 219 198 138 170 141 216 117 247 231 126 196 150 243 211 205 193 116 248 240 103 95 128 115 147
93 2314 140 164 137 210 219 222 224 136 240 156 113 143 115 100 167 163 147 244 157 178 150 194 125 220 146 128 189 106 102 144 165 152 175 114 173 206 239 101 155 208 158 123 215 160 185 133 223 248 246 134 131 96 168 236 249 225 108 234 162 221 247 145 250 119 226 201 182 153 97 193 179 213 184 181 99 135 142 204 241 228
94 944 150 112 108 153 216 191 155 248 126 166 157 246 122 160 168 199 210 194 193 219 184 142 135 146 110 239 116 124 176 198 131 206 201 162 109 147 117 140 224 211 154 225 104 220 234 229 121 139 178 202 190 113 173 196 144 240 152 161 132 223 98 177 242 226 180 134 119 100 125 102 115 143 172 179 209 228 148 165 114 244 208 159 101 233
95 1642 223 222 101 214 159 193 209 241 229 228 207 187 110 168 250 183 189 213 188 179 180 173 130 164 153 119 132 152 196 170 118 198 248 166 175 98 232 221 235 96 191 140 199 208 158 129 139 172 240 247 108 160 233 114 105 225 231 177 224 212 156 190 202 112 184 194 128 121 161 138 135 107 124 185 236 154 171 133 178 148 117 155 120
96 735 141 206 217 195 224 222 157 221 152 98 211 99 173 205 155 213 167 164 193 247 124 197 227 134 163 233 109 160 176 180 143 151 123 131 116 156 145 218 201 243 107 174 162 232 117 110 126 219 181 142 105 183 189 101 165 190 238 214 172 209 140 125 185 158 203 104 148 97 187 207 182 111 159 248 136 196 108 168
97 1183 149 250 234 240 104 125 145 146 161 218 151 221 98 199 191 247 123 127 160 236 204 179 188 167 197 207 152 171 118 109 175 132 187 120 227 169 222 202 242 159 165 237 244 209 233 192 143 245 205 217 177 102 129 156 185 196 110 155 144 195 241 220 238 154 206 224 183 134 213 126 176 231 166 124 219 116 211 232
98 1367 132 183 138 223 232 209 107 239 185 152 150 193 174 161 148 165 164 237 154 230 137 126 217 127 213 222 122 248 187 241 113 233 240 120 168 176 100 202 210 153 172 136 103 238 235 231 227 135 208 146 228 121 207 139 180 149 181 167 123 178 177 212 171 204 246 151 203 244 143 124 206 162
99 1990 243 190 106 232 123 238 119 194 147 172 115 141 211 198 155 149 210 197 200 219 156 242 170 134 108 181 148 107 144 114 216 171 159 142 249 192 165 128 188 226 193 208 250 104 191 196 102 220 205 233 157 225 214 138 247 246 152 185 236 126 218 117 173 110 158 204 105 189 234 221 121 201 195 118 150 161 169 109 100 131 166 229 101 228 178
100 944 201 187 122 174 240 236 233 101 217 119 102 173 206 184 139 249 212 141 167 150 194 209 215 242 183 176 247 164 126 146 191 227 218 147 179 222 151 130 210 107 136 133 143 131 134 186 106 168 192 105 104 197 207 250 225 155 178 135 157 226 159 123 188 156 138 163 117 223 152 238 111
101 1834 162 180 185 114 174 105 113 203 233 141 142 201 139 127 205 108 107 170 242 195 209 159 138 234 103 212 109 154 223 153 221 224 165 183 167 150 202 206 228 106 173 129 111 247 204 157 222 250 121 244 116 211 188 181 175 119 207 146 132 126 236 110 182 192 231 189 124 152 135 166 168 145 151 208 213 217 187 144 197 239 149 131 246 230 120 123 245
102 2164 118 112 134 148 167 122 196 138 161 153 223 105 143 158 241 205 233 235 188 110 137 142 225 203 152 237 172 166 206 208 163 128 174 149 177 123 155 107 126 139 217 111 168 231 240 180 147 129 103 198 209 194 191 114 193 221 179 236 211 131 190 207 215 228 185 171 108 247 124 119 239 199 173 183 165 212 186 202
103 1021 109 171 182 226 242 241 180 159 191 235 121 183 157 185 152 177 151 175 105 205 142 234 232 131 107 196 139 246 108 239 211 122 106 225 243 118 193 214 134 169 209 249 123 104 163 203 219 143 188 201 186 133 153 184 210 113 130 189 168 117 120 238 138 218 233 161 181 236 170 172 115 158
104 1437 157 145 186 231 107 249 112 183 177 172 195 152 199 114 185 233 194 133 108 205 189 182 197 224 236 167 124 178 221 137 206 188 248 244 162 240 180 134 158 198 214 118 135 165 238 166 117 228 129 132 235 113 163 150 196 239 210 153 243 125 208 220 179 130 232 237 136 201
105 1196 170 122 184 245 240 110 115 235 248 192 211 172 174 191 225 111 210 108 189 146 107 223 239 136 157 215 159 194 116 143 138 148 198 152 207 220 226 244 144 208 106 163 190 228 186 188 137 153 134 173 219 243 132 135 224 121 156 209 181 158 119 246 202 206 178 155 230 212 114 130 180 140 131
106 1117 235 163 179 193 212 191 120 222 181 232 125 233 172 228 220 236 158 150 219 167 200 216 147 132 174 188 217 115 187 215 112 157 244 124 241 197 116 159 196 231 110 118 223 224 114 229 247 135 129 156 151 128 122 207 248 155 221 113 210 144 205
107 824 193 156 120 198 183 147 173 142 221 109 194 188 152 134 119 135 130 131 205 114 195 215 240 155 187 128 219 232 185 139 179 132 241 153 201 244 189 184 146 229 236 209 203 160 247 227 224 108 208 170 186 216 180 231 176 167 177 163 190 237 211 122 217 144 159 213 121 148
108 2409 112 213 124 233 232 126 193 241 110 190 229 120 196 184 221 230 155 113 216 202 185 249 235 182 250 243 247 131 234 153 136 166 222 203 215 168 172 244 198 173 156 188 127 129 206 141 212 170 130 159 218 209 205 122 171 210 165 192 114 217 180 148 133 199 219 140
109 1519 132 164 151 135 138 248 125 197 112 158 182 162 113 124 221 232 111 116 241 178 194 215 216 122 110 181 243 250 188 146 134 196 239 226 147 136 143 119 225 229 140 236 171 165 210 242 227 152 118 235 154 202 198 219 114 167 224 142 133 233 131 168 163 170 129 237 177 203 205 245 184 212 123 148
110 1678 140 203 148 213 115 164 189 170 220 225 240 185 243 142 233 235 181 158 193 144 237 186 178 171 227 218 128 244 146 238 168 241 135 172 122 141 173 155 125 138 190 223 127 216 183 166 174 230 248 121 111 224 199 165 188 202 150 134 123 151 117 147 161 210 175 131 184 162 208 149 198 113 214 143 197 132
111 855 172 120 244 112 219 123 165 194 220 189 139 229 224 231 233 155 184 113 119 225 164 143 177 175 149 154 205 173 150 247 170 199 121 228 162 115 192 236 232 204 160 203 126 207 197 178 217 188 198 237 246 171 227 191 195 248 166 239 210 200 135 241 183 122 152 234
112 2192 193 207 185 239 202 200 246 117 221 234 226 244 123 217 190 149 212 238 157 214 201 127 188 219 183 151 203 141 145 160 227 116 134 223 154 240 165 208 163 230 125 171 218 189 176 182 166 184 162 205 113 128 220 173 209 181 198 138 229 210 148 213 130 175 237 126
113 1244 142 171 127 184 172 177 241 119 175 176 194 246 160 232 144 145 229 126 220 131 219 210 244 152 125 203 150 227 148 161 235 217 215 181 236 129 158 207 225 249 224 237 186 193 190 143 154 179 182 117 212 238 124 133 221 121 134 136 214 205 170 218 163 140 147 223 185 191 195 156 240
114 1939 139 127 140 156 126 118 134 176 130 183 161 228 247 172 146 244 189 168 164 131 241 175 190 209 186 154 221 144 199 185 153 145 238 196 212 171 158 220 233 142 210 155 167 250 143 184 198 132 147 246 193 219 152 159 205 240 239 128 229 194 148 179 116 178 125 137
115 1102 248 218 217 150 166 245 221 151 197 199 137 196 185 228 125 165 127 205 193 200 170 186 219 241 118 214 168 160 145 129 183 135 180 220 128 132 133 240 154 148 163 179 226 124 237 236 172 130 153 175 194 158 141 243 233 155 161 192 144 229 246 162 227 195 203 247 189 178
116 1473 162 134 188 186 171 233 127 150 191 209 234 211 174 140 126 178 141 202 183 121 144 223 242 129 190 124 180 122 204 216 187 219 117 213 170 189 181 231 246 243 197 237 119 163 225 220 205 198 147 182 130 212 240 238 161 154 151 164 125 194 196 135
117 745 147 198 219 217 137 158 249 227 121 211 225 212 226 230 175 185 231 203 209 206 250 163 155 181 150 157 200 197 202 166 171 186 238 216 235 229 124 144 196 162 234 132 205 241 119 128 176 159 243 221 177 244 224 242 228 126 208 136 168 143 239 187 154 129 188 215 240 135 223 232 170 172 169 194 165 127 120
118 1255 219 153 241 126 176 152 138 163 160 211 120 190 239 230 154 213 195 177 158 184 229 166 185 124 181 149 127 167 224 171 131 156 223 179 151 130 174 178 214 148 246 194 141 157 170 218 168 137 164 220 232 245 199 119 175 146 217 172 208 201 247 228 135 142 226
119 1435 236 132 124 160 197 207 211 244 199 169 186 127 168 133 217 173 164 128 215 146 228 147 154 141 182 224 156 238 143 222 196 151 183 233 204 163 136 187 130 243 212 231 153 219 247 213 162 189 193 220 192 175 239 188 176 246 167 158 149 194 142 145 157 225 137 185 240 234 135 150 155 235 177 126 208 210 184 214 245
120 1210 121 183 196 249 149 229 135 147 197 127 130 201 211 207 200 134 219 175 178 159 154 144 169 174 226 212 227 192 170 243 145 245 182 181 165 153 248 136 140 206 142 232 242 246 215 122 128 190 123 168 186 152 223 167 241 173 131 150 225 210 239 231 205 208 238 132 216 180
121 1576 208 200 237 153 168 144 188 160 250 131 239 235 124 192 172 245 191 175 193 206 164 209 128 214 233 210 190 136 149 143 154 138 174 231 145 195 222 217 242 230 194 224 189 205 161 147 238 207 126 232 122 187 132 152 151 223 156 181 185 226 155 241 240 186 134 169 182 163 216 184 198
122 1230 237 212 123 198 204 243 185 219 241 131 181 201 138 214 137 246 238 124 240 229 141 177 184 189 158 140 194 133 200 154 186 148 152 235 165 239 192 196 125 132 226 216 139 203 162 150 146 169 230 151 145 211 244 168 149 250 218 153 221 171
123 2451 126 134 180 158 176 244 203 132 250 186 245 170 169 124 157 163 248 243 140 240 213 214 233 127 208 200 232 162 165 187 135 235 192 159 204 141 136 142 227 223 228 211 216 206 182 139 218 188 224 143 234 217 164 222 226 215 155
124 1389 227 231 240 198 160 128 218 229 159 248 148 133 200 226 214 142 196 183 180 232 145 187 136 250 220 212 143 194 170 216 135 189 224 131 217 234 175 140 192 171 158 228 222 236 211 149 174 188 233 141 243 185 181 168 178 150 205 184 238 244
125 1674 151 160 204 241 210 145 192 236 226 131 246 194 199 150 225 200 133 232 207 247 238 134 191 229 147 164 187 214 188 234 175 148 170 162 127 177 168 185 221 186 219 228 242 239 245 153 250 184 212 176 156 149 142 130 135 143 206 152 224 126 128 243 172 215 169 171 222 166 178 223 244 174 182 198
126 1593 198 165 249 132 208 213 214 197 244 133 158 169 186 203 174 176 173 161 171 155 147 175 163 148 195 248 154 151 152 219 234 224 179 141 228 184 183 172 181 229 231 243 192 209 205 164 182 196 207 245 166 130 142 178 160 170 200 220 201 157 135 215 137 139 233
127 1181 243 207 139 137 168 198 138 161 197 165 219 131 163 170 231 174 230 157 158 204 250 232 196 176 185 171 183 214 234 142 217 132 247 242 206 184 203 143 167 175 199 239 133 227 172 173 223 147 177 248 150 222 208 215 155 246 221 187 244 179 149 226
128 1915 197 189 147 142 227 250 152 218 167 243 195 206 149 137 199 194 174 222 217 232 138 187 146 164 145 226 208 175 200 224 231 178 186 221 245 236 192 248 156 244 131 188 202 172 173 223 215 151 132 216 166 169 135 180 139 141 130 240 161 210 228 214 158 225 229 247
129 2017 180 215 176 162 198 202 147 211 161 225 153 185 157 137 135 194 141 219 155 190 177 235 136 168 197 189 207 181 237 179 204 170 143 246 223 249 240 159 146 152 192 239 172 164 221 142 191 138 200 250 213 131 230 233 209 178 132 151 238 149 234
130 2229 146 155 189 218 246 173 217 164 228 175 250 160 193 158 162 200 232 221 215 141 148 245 205 197 201 159 233 131 192 235 241 206 165 161 211 210 182 143 156 157 135 180 204 243 225 242 247 169 179 142 239 212 223
131 1916 222 139 181 227 163 166 172 221 246 144 160 179 171 229 250 165 155 223 217 243 199 176 191 235 224 207 198 174 192 190 173 242 233 194 142 161 225 202 216 189 249 218 162 231 228 213 159 148 193 133 211 219 236 212 248 150 168 140 237 220 134 149 203 145 209 177 185 132 141
132 1350 249 182 183 231 167 224 195 184 203 236 171 165 146 205 200 238 136 215 157 207 233 191 149 204 140 133 163 229 242 211 176 227 155 162 192 206 240 237 210 160 216 245 228 177 134 169 189 150 185
133 1449 186 244 237 195 166 164 221 190 206 176 137 225 151 216 149 185 226 179 238 239 167 208 211 155 194 180 146 217 219 228 157 233 188 187 250 177 173 182 224 162 172 184 142 191 231 212 181 207 218 152 248 139 189 192 150 215 197 178 148 143 154 158 203
134 2437 197 200 215 250 196 248 213 143 138 180 160 165 139 232 191 140 174 233 214 135 169 166 228 227 225 236 243 218 142 190 144 149 210 150 178 156 136 246 173 247 207 187 208 209 226 224 234 212 141 199 163 167 158 161 151 222 244 211 176 184 201
135 1844 230 191 241 174 242 157 225 142 175 233 177 188 197 207 148 212 140 144 196 136 202 143 158 222 186 243 162 153 150 211 217 184 210 187 236 232 160 146 224 201 246 159 180 192 240 220 171 179 248 206 167 137 238 198 235 249 209
136 2145 181 244 194 138 209 232 204 171 220 162 146 137 237 240 188 182 176 184 195 160 172 227 217 207 179 231 187 159 206 169 156 155 161 202 170 186 239 145 192 150 235 167 141 173 178 157 193 228
137 610 153 167 219 242 232 248 161 138 150 192 216 227 186 238 234 236 224 201 193 230 198 237 144 204 188 194 142 212 147 181 146 196 173 143 190 225 172 141 214 221 165 151 239 169 195 245 191 231 154 159 175 209 211 155 160 215 178 244
138 2168 238 151 145 187 211 139 231 153 219 246 194 186 215 239 167 158 217 203 154 161 210 189 165 191 245 207 229 204 184 202 166 242 185 193 155 233 244 200 188 212 180 221 243 216 201 249 206 208 228
139 1610 230 157 236 239 153 211 181 173 147 196 245 235 231 148 238 141 241 142 214 172 187 154 189 193 199 163 206 220 242 168 250 233 185 151 155 149 167 195 248 160 190 249 171 191 217 224 215 247 210 246 162 232 197 159 164 143 204
140 1629 190 151 184 172 239 176 245 197 179 154 164 160 175 205 153 157 192 217 187 155 218 250 226 189 215 219 173 180 159 170 191 206 209 145 149 201 158 248 174 199 152 216 213 247 163 235 208 214 229 237 148 144 167 210 147 244 186 143 228 156 141 178 198 243
141 903 185 209 212 211 176 243 154 204 238 203 177 247 179 149 184 207 165 146 173 145 227 225 224 155 228 214 245 248 197 210 195 231 170 151 150 198 175 169 230 236 221 157 171 180 194 174 190 147 193 215 206 213 234 242 144 226 202
142 1965 208 221 156 227 153 158 211 145 175 146 219 161 155 244 185 239 223 199 220 200 180 163 169 201 203 226 210 176 250 207 228 214 152 189 224 188 167 202 235 183 192 168 187 148 173 151 144 240 195 193 171 242 216
143 1320 228 177 238 219 192 189 179 155 157 239 161 213 214 148 245 188 175 180 199 216 218 206 243 156 194 182 170 159 166 247 153 187 167 197 160 171 232 205 237 146 181 217 162 144 186
144 1204 250 235 232 249 227 220 162 244 151 204 178 201 226 172 147 197 200 165 168 166 145 206 192 223 157 181 218 187 173 228 164 240 161 248 243 175 215 199 196 234 155 179 222 186 174 169 242 241 239 171 213 210 224
145 961 224 186 171 229 234 240 213 184 206 244 197 222 232 175 245 210 207 149 201 174 173 246 158 188 155 156 160 218 169 228 161 166 153 192 233 198 238 243 147 194 223 203 195 225 170 162 220 217 176 183 221 236 146 212 211 202 250 199
146 1479 160 175 231 157 230 229 149 223 245 237 168 239 228 156 203 182 217 244 174 213 180 218 209 246 236 159 189 219 170 212 187 173 205 227 148 161 200 195 150 191 181 188 163 192 158 154 186 176 206 153 220 196 215 202 233
147 2177 240 185 218 191 198 223 197 165 236 208 171 160 153 170 216 181 232 212 184 189 194 243 231 168 169 209 217 155 182 176 192 227 214 164 225 224 156 166 159 183 250 193 221 201 229 244 239 248 148
148 1206 222 154 180 201 192 161 149 170 190 210 211 250 188 186 178 243 160 177 232 218 240 189 226 249 213 173 184 204 166 209 205 207 191 228 219 236 164 150 179 176 225 175 237 245 151 227 216
149 1791 229 225 174 153 226 240 235 232 164 163 179 249 165 169 208 213 173 202 211 223 188 246 206 203 216 170 160 230 181 189 176 224 241 162 194 220 238 193 195 242 190 199 212 158 233 184 209 217 250 205 236 218 237
150 1111 162 233 191 187 221 240 168 238 174 203 245 164 211 213 202 188 230 210 201 200 190 199 231 237 224 183 154 152 178 225 249 222 235 204 206 218 180 248 250 177 242 166 189 226 219 197 229 173 220 241 196
151 1916 200 170 172 193 229 224 238 247 234 198 178 223 184 154 212 176 204 233 217 185 165 180 202 155 225 162 213 239 161 207 197 188 183 240 221 218 249 182 236 250 181 157 227 210 243 174 194
152 866 193 207 204 215 175 206 223 209 162 232 235 244 216 205 178 208 173 250 161 201 159 233 231 217 195 202 210 249 158 192 239 163 212 182 165 247 237 168 240 248 243 211 166 222 214 218 190 225 174
153 1841 241 237 159 184 164 214 204 236 183 179 188 185 176 250 180 246 219 216 205 242 232 186 162 182 225 166 247 249 169 155 160 174 206 170 158 197 221 156 231 157 235
154 1424 213 243 179 188 187 184 214 161 178 227 218 239 246 203 219 217 195 238 189 210 185 226 169 202 182 160 245 244 201 242 190 204 249 174 206 211 177 216 162 228 197 199 183 159 173
155 1313 234 250 222 229 171 174 242 236 168 207 191 227 167 199 239 197 224 175 180 190 247 194 208 159 232 231 188 172 205 235 249 193 157 198 245 220 210 200 204 230 203 206 237 217 221 195 186
156 571 194 230 169 186 222 216 176 170 212 202 172 220 182 197 168 195 157 174 233 160 242 248 241 214 249 171 213 173 234 207 244 217 211 164 158 235 175 178 196 237 165 199 204 229 183 189 191 231 167
157 516 234 209 166 161 162 210 176 233 202 197 177 168 205 187 217 227 194 195 246 207 241 250 178 183 198 218 189 221 201 158 173 181 229 180 185 222 215 228 179 232 208 206 196 204 236 203 160 224
158 1994 221 237 182 170 239 186 166 177 214 198 172 191 232 243 246 169 201 228 230 222 175 240 216 200 220 192 210 161 168 206 205 194 171 236 190 167 248 225 165 241 249 174 238 189 242 162 215 227 195 234
159 1543 175 220 213 169 236 227 216 161 162 203 204 181 228 160 189 217 183 211 212 171 222 234 200 209 184 179 221 206 240 250 202 238 188 207 218 230 178 163 196 243 186 241 180 193 172 224 191 170 167 176 174 182
160 1590 250 177 209 220 165 197 234 201 227 239 168 208 241 189 206 243 230 166 176 193 198 190 169 226 178 236 195 205 180 203 247 196 246 212 218 242 224 245 163 162 225 222 232 187 238 181 164 215
161 1722 224 201 231 216 228 196 195 225 180 192 221 233 218 187 166 220 215 177 185 248 178 173 209 165 194 236 232 189 243 249 212 182 164 171 162 190 199 206 213 244 175
162 958 229 172 168 195 215 225 167 179 164 245 235 246 228 240 163 219 165 222 170 247 209 180 169 174 193 243 171 232 198 221 234 185 201 187 212 176 223 166 230 244 226 237 194 250 173 204 191 196
163 2440 200 192 209 169 201 236 191 207 237 246 190 212 193 181 210 199 184 179 226 172 247 171 232 204 206 170 241 239 224 228 233 221 225 240 227 235 205 214 231 216 198 202 175 187 222
164 670 191 168 232 201 167 203 204 185 236 234 224 178 175 221 229 183 212 216 190 171 223 209 227 218 244 222 248 215 206 238 231 193 250 241 205 180 249 187 195 184 230 247 194
165 894 215 197 225 195 174 207 217 244 204 181 211 226 192 240 168 185 180 190 189 227 166 234 250 230 213 237 218 201 236 249 233 219 223 216 248 178 202 188 232 224 242 179 194 191 193
166 1340 185 209 197 220 228 205 243 247 210 212 225 179 170 186 232 221 189 219 204 218 224 234 192 208 249 169 194 196 181 250 172 231 214 227 188 198 173 240 206 193 241 217 167 236
167 2315 221 183 186 219 175 224 235 176 200 207 250 190 243 230 217 203 188 232 192 198 171 216 184 249 187 173 228 209 244 206 180 169 247 170 195 233 237 194 214 178 212
168 1005 244 182 210 222 202 220 192 208 221 229 242 249 185 169 231 232 203 218 205 195 184 248 225 183 228 226 179 213 219 215 190 187 181 201 171 233 241 204 194 174 206
169 564 183 225 238 211 190 185 233 204 218 206 178 200 207 243 203 228 246 175 199 195 227 245 192 248 223 222 250 187 170 220 172 184 236 235 193 182 191 194 212 174
170 1424 173 174 197 203 218 206 201 243 208 227 193 247 235 219 221 216 217 204 209 189 223 210 199 182 213 241 236 200 249 186 198 202 230 233 224
171 1691 197 249 245 204 205 183 250 232 198 209 211 242 202 208 175 178 238 201 194 184 230 203 177 193 200 219 231 243 174 195 217 173 181 221 196 227 247 187 222
172 524 240 247 198 177 186 178 197 229 237 246 217 224 192 203 221 199 196 232 175 182 200 228 179 213 225 231 209 185 190 238 219 215 239 220 236 216
173 2447 238 223 220 194 248 236 218 190 175 235 217 237 195 193 210 230 179 227 244 180 202 243 196 185 247 228 242 246 219 214 216 225 231 234 207 174 188 224 184 183 201 212 205 209 178
174 511 188 190 199 231 197 203 195 183 181 216 219 249 239 226 189 175 182 242 235 193 241 214 238 225 201 236 194 234 220 200 184 179 233 212 243 222 221
175 1228 197 243 236 204 226 194 239 228 177 231 225 208 199 210 212 233 232 181 213 193 234 185 229 180 203 220 200 246 219 192 247 182 191 244 250 207 196 227 206 230 186 188 245
176 2465 181 250 233 246 178 240 203 249 241 185 188 225 239 227 247 198 248 232 191 220 229 243 208 244 189 201 231 182 194
177 1490 195 237 245 179 207 208 182 206 234 194 241 223 181 203 200 214 211 202 242 191 221 224 219 248 240 187 178 188 222 246 218 190 235 243 205 236 230 228
178 904 217 213 193 220 203 195 189 237 214 210 206 215 234 233 222 247 223 179 242 181 245 202 250 205 188 190 194 185 241 236 230 201 239 248 183 244 199 192 197
179 1170 249 234 250 225 238 187 205 223 197 196 241 221 184 247 220 208 236 186 230 224 222 243 235 195 185 193 228 214 217 240 199 215 189 248 206 242 244 198 233 237 202
180 781 181 224 200 247 228 222 250 195 215 196 192 191 183 186 231 217 218 210 221 239 233 214 245 185 234 198 184 227 206 229 204 232
181 1515 193 203 211 198 235 213 204 219 249 220 250 196 190 225 221 182 214 247 199 217 201 240 231 246 242 232 218 205 228 233
182 2143 229 208 195 246 220 185 233 232 196 247 240 219 204 231 206 211 234 227 200 230 213 210 223 241 190 221 202 245 228 216 183 222 201 236 203 191
183 704 233 212 198 247 224 210 240 194 188 234 226 248 208 187 223 197 229 232 231 221 243 239 216 190 195 222 211 213 189 184 186 241 244 209 191 185 202
184 855 188 237 192 210 201 211 193 216 208 195 234 245 190 230 194 224 197 244 191 203 242 243 221 200 228 202 219 204 231 185 238 207 186
185 1066 229 225 249 207 201 209 238 245 234 197 233 218 223 217 186 211 188 239 248 214 190 212 213 227 191 230 236 231 221 189 203 241 232 202 243 196 208
186 1517 207 188 224 223 201 210 237 232 238 205 192 227 247 191 229 200 214 202 193 208 245 246 239 190 234 198 215 199 211 206
187 2485 214 248 223 216 199 247 221 217 210 209 236 249 219 229 193 250 207 204 227 234 205 213 190 188 201 239 189 197 240 243 241
188 639 208 240 236 221 196 230 214 234 211 204 190 246 239 199 243 193 220 233 217 247 207 238 250 203 209 241 228 249
189 1011 192 232 220 226 223 250 191 248 211 244 212 190 216 197 204 218 199 219 235 195 234 238 206
190 1527 220 194 242 213 210 225 193 229 238 217 228 221 248 191 202 197 226 195 250 201 223 236 209 237 241 244 246 239 200 249 235
191 1729 242 230 227 240 214 219 221 211 248 194 224 197 217 247 234 210 213 199 232 233 243 236 212 250 229 200 208 223 246 238 209 216 192 226 207 203 204 241 222 237
192 1790 221 216 249 237 234 195 205 238 198 209 233 219 250 197 226 232 235 207 203 244 236 225 204 241 199 248 218 224 217
193 1986 239 212 204 240 202 245 199 219 229 228 225 243 235 210 223 221 195 231 238 249 230 206 237 247 200 217
194 1225 221 231 208 206 239 238 233 241 227 200 225 249 226 244 203 232 218 228 210 214 243 245 216 242 196 235 248 247 219 229
195 1961 221 203 210 222 220 204 217 231 215 241 213 216 207 196 197 226 218 230 208 232 200 224 209 228
196 1937 214 213 247 235 234 226 224 209 200 222 225 215 219 201 232 236 221 230 216 248 211 240 210 208 199 217 218 227 205 239
197 2065 241 228 222 246 199 217 202 239 225 237 242 247 206 238 235 205 224 249 218 216 213 201 248 244 215 212 245 234 243 210
198 1332 239 216 226 246 221 223 245 230 215 212 237 201 217 224 206 222 238 241 244 248 209 229 235 202 220
199 1999 237 223 232 225 202 216 224 235 243 242 246 218 214 213 233 247 239 205 236 207 230 231 217
200 1687 228 208 247 226 237 214 213 225 227 240 239 223 204 242 209 203 232 224 217 205 211 201 212 220
201 1814 207 205 225 221 240 227 246 211 249 242 206 238 220 231 202 232 217 214 208 203 237 223 224 235
202 1190 209 219 243 206 224 216 238 213 227 240 230 232 245 241 220 208 233 217 225 249 239 212 234 247 214 244 211
203 1711 236 227 233 238 207 204 219 247 220 221 229 206 239 234 224 231 237 232 249 208 245 226 240 250 211
204 1317 231 241 247 239 245 223 234 220 219 216 215 210 230 221 222 225 207 243 237 209 238 240 227 250 224 229
205 1201 241 237 236 213 231 243 244 235 248 218 250 227 229 249 211 220 226 216 233 230 210 228
206 2440 232 233 225 244 230 234 239 214 211 210 248 217 216 208 243 221 238 246 237 240 231
207 1281 220 230 222 247 249 210 244 217 234 219 229 232 211 240 218 224 216 208 231 246
208 1748 226 236 223 222 220 239 215 228 242 212 217 216 241 213 218
209 843 232 237 233 238 245 221 211 248 247 224 236 239 219 249 217 250 234 218 240 228 222 216 215 242
210 1951 244 240 216 236 219 245 218 223 213 229 226 230 220 241 247 242 233 249 238 217 224 221 227
211 1586 221 232 249 212 237 245 242 214 233 247 229 220 243 240 235 226 225 215 223
212 1859 216 223 236 249 250 228 230 225 242 234 229 233 222 240 219 244 247 243 227 231 235
213 1593 226 238 229 250 224 242 216 230 241 235 243 214 218 234 244 240 223 221 248 228 232
214 1791 223 239 224 243 226 222 249 250 237 219 232 217 218 231 228 234 242 235
215 1771 218 243 232 219 242 245 239 228 240 247 225 244 227 220 250 222
216 1717 237 223 231 235 225 217 239 221 249 243 250 220 238 226 227 232 230 219 218 248 246
217 807 218 234 236 249 242 224 240 241 235 220 244 229 221 222 226 230 219
218 1755 250 246 236 245 223 219 240 235 226 224 222 227 248 232 230 238 241
219 1856 233 239 244 245 250 238 236 247 243 248 232 226 237 225 230 228 240 229 224
220 875 224 250 226 233 228 245 229 247 234 225 237 235 232 223 244 239 230 221 242
221 782 237 242 232 230 236 233 224 225 250 240 248 241 244 238 243 249 229
222 1085 237 250 230 225 227 224 228 226 248 233 235 246
223 2166 239 231 243 225 240 244 245 235 227 224 249
224 1825 241 233 239 250 237 225 247 231 235 242 227 238
225 1810 227 240 239 230 245 243 228 250 226 233 241 229 244 237
226 1183 245 228 250 238 230 234 232 241 240 243 249 237 247 231
227 1261 249 232 245 230 233 229 235 231 242 236 228
228 932 240 233 239 250 237 246 242 236
229 1572 235 232 246 249 241 236 239 242
230 760 244 231 247 237 234 243 249 239 238 242
231 2119 235 249 241 232 246 240 245 236 247 248 233 243
232 885 237 244 233 241 239 236 249 250 242
233 1450 239 249 247 245 243 237 246 244 240
234 1329 243 249 235 238 242 247 241 239 245
235 1259 249 243 239 244 238 241 246 248 240
236 1708 238 241 243 245 237 249
237 1268 244 240 250 241 242
238 2040 243 239 241 246 250 249 247 244
239 512 243 245 244 249 247 240
240 1169 248 245 244 250 246 247
241 1047 247 249 248 246 250
242 1599 245 243 244 250
243 527 248
244 2141 247 250 249 245
245 2447 246 247
246 1355 248 249 250
247 914 249 250
248 2311
249 610
250 2270
