500 10000
1 2190 379 326 312 321 443 63 272 23 248 409 141 236 238 246 458 164 353 116 230 303 229 290 288 191 344 498 68 158 57 112 334 41 134 351 3 70 203 342 292 235 296 399 37 183 483 385 397 35 139 427 371 216 59 49 448 286 396 401 355 86 257 493
2 2133 334 21 80 448 156 252 430 272 180 89 376 202 433 105 236 355 107 75 276 366 184 257 166 32 283 335 396 214 5 225 370 174 135 338 76 185 477 404 270 155 435 259 268 82 45 458 169 103 43 145 354 271 159 23
3 851 17 132 434 230 72 413 404 482 180 410 4 84 32 26 231 71 94 471 358 268 12 195 293 27 499 310 20 272 321 109 396 262 376 95 325 329 162 466 274 160 390 207 375 344 140 439 225 228 120 184 267 146 48 76 64
4 525 369 433 335 388 227 53 162 22 324 140 242 311 158 466 353 148 200 304 389 342 79 236 422 474 120 150 472 492 494 383 144 368 142 270 382 265 256 229 334 151 352 205 400 185 255
5 1909 308 334 6 362 326 83 98 415 228 252 458 347 25 341 380 51 32 299 223 419 202 198 327 175 56 71 161 359 37 194 129 423 366 276 210 207 97 320 428 99 225 64 92 288 496 266 375 224 500 378 54 204 409 277 389 94 427 317
6 822 180 15 447 439 254 124 116 128 306 282 379 158 207 236 385 239 408 497 135 366 455 465 175 64 369 358 140 253 170 409 307 428 247 386 133 220 332 97 351 280 104 370 294 89
7 2124 486 11 416 16 301 37 264 65 404 419 28 251 113 433 393 137 495 401 312 439 168 323 117 285 374 388 429 288 398 345 461 479 284 399 92 482 131 434 55 170 481 132 128 438 59 125 146 158 403 246 30 156 54 176
8 524 354 273 136 219 252 37 306 148 211 135 247 374 373 48 330 137 283 438 75 497 274 468 65 423 35 68 169 23 58 496 349 340 53 183 276 249 189 362 98 328 263 368 63 351 461 369 377 441 278 489 336 324 198
9 1040 223 101 268 183 287 455 129 92 436 127 280 261 366 117 313 150 487 215 414 288 340 32 13 257 10 292 80 224 472 370 145 204 202 147 86 78 352 406 338 75 37 317 418 385 137 403 478 72 448 499 157 479 488 332
10 1398 174 388 30 131 362 317 110 417 85 485 484 444 355 312 40 348 210 299 201 117 231 412 47 330 396 94 22 284 212 370 31 354 141 236 73 67 242 368 125 168 150 181 291 16 96 77 177 286
11 517 481 196 106 259 112 317 155 479 235 357 442 329 436 399 287 65 485 324 377 176 455 46 318 440 224 72 303 374 96 231 37 267 28 94 75 420 391 345 97 63 441 414 475
12 1620 166 167 135 36 402 476 56 313 234 366 385 205 110 203 159 173 487 349 420 465 342 142 34 94 372 52 44 262 263 208 394 276 227 452
13 1702 91 210 453 457 187 62 77 104 93 167 166 92 365 499 363 394 290 219 401 456 118 399 447 249 221 270 410 44 260 478 362 169 152 24 475 492 451 45 264 446 348 253 39 494 200 157 227 121 85 278 234 79 332
14 1575 132 258 90 129 345 55 263 317 99 85 200 428 82 153 57 33 498 165 76 112 65 72 288 289 273 83 139 496 240 48 202 119 396 183 387 217 115 253 440 37 483 172 208 478 313 431 192 250 179 434 186 39
15 2326 382 36 297 362 159 291 446 43 387 358 419 222 33 339 54 111 305 312 231 26 371 468 390 482 302 99 458 326 361 270 71 372 252 104 109 242 205 135 218 85 155 410 67 62 98 154 73 35 147 110 248
16 1161 87 367 488 237 57 139 22 71 481 376 21 416 37 389 321 380 313 207 412 324 18 341 286 343 173 213 218 344 227 278 455 458 463 271 105 107 189 51 35 300 379 178 420 352 372 88 235 359
17 791 82 225 87 499 270 119 261 54 214 408 219 27 449 425 137 362 61 37 92 146 290 391 497 184 348 19 124 411 262 317 158 363 434 259 455 38 432 398 333 160 215 486 131 474
18 2120 295 453 70 432 308 459 435 362 248 101 393 56 422 409 342 281 259 181 222 291 424 20 109 147 172 463 213 165 241 86 184 35 329 373 122 204 418 449 217 467 328 272 353 461
19 1704 218 211 271 253 66 471 267 452 77 197 401 398 290 177 216 32 365 275 167 49 129 180 494 496 353 424 171 491 481 143 78 386 70 196 65 53 178 179 150 453 402 117 217 262 352 35 187 395
20 834 384 243 361 127 312 211 120 106 276 33 393 427 234 429 409 327 201 262 165 241 263 54 492 172 24 341 410 360 220 300 363 335 462 174 295 123 71 26 91 52 379 432 469 186
21 2218 64 321 326 259 261 362 363 221 278 227 175 189 402 217 242 192 108 395 495 340 493 230 264 287 246 106 176 454 484 166 206 89 66 187 273 112 274 282 329 92 386 99 24 373 423 81 322 43 65
22 1201 158 232 219 267 486 206 297 458 255 438 415 70 275 128 428 294 293 172 79 231 90 479 34 223 322 445 212 257 186 452 163 424 215 26 332 402 187 48 440 239 157 39 377 129
23 1790 60 106 88 281 256 81 195 295 155 347 394 272 320 67 473 161 138 113 139 286 136 125 485 466 62 395 455 218 462 141 25 149 475 324 158 263 368 477 289 426 277 307
24 1883 262 165 191 370 132 405 307 271 263 260 193 295 436 267 320 213 161 492 181 380 238 412 480 499 324 461 489 100 292 403 445 313 321 173 500 429 369 69 66 233 485 431 297 360 377 49 428 179 101
25 2134 58 89 212 75 488 442 330 52 218 361 51 209 245 81 444 26 466 394 242 183 237 149 370 133 395 491 33 338 492 472 278 364 452 249 172 62 324 387 331 353 426 374 413 215 238 366 429 200 276 86 60 350 398 39 123
26 1735 389 393 491 437 395 243 289 464 129 497 292 140 193 194 87 125 90 231 121 362 151 373 103 63 57 182 92 387 490 170 227 401 360 448 473 155 439 441 423 101 357 40 205 195 495 291 386 465
27 2071 301 187 249 362 329 152 106 427 202 292 347 382 346 281 221 43 168 223 129 351 414 160 261 262 55 91 170 433 236 490 276 116 162 206 350 464 415 156 271 181 148 60 446 74 355 360 286 332 267 461 342
28 849 67 42 230 108 221 438 202 283 198 212 324 377 452 203 187 459 144 178 207 94 300 120 218 86 406 147 146 32 152 168 397 437 470 286 53 63 64 237 145 409 263 434 33 391 325 309 500 496 294 41 251 426 380 389 180 284 270 234
29 516 340 411 455 362 428 300 271 489 88 350 296 225 188 448 318 323 173 366 430 409 251 92 199 154 470 77 336 308 229 180 204 72 280 322 316 218 403 359 363 427 310 139 181 53 97 64 387 205 330 245
30 1401 79 60 450 336 265 162 448 339 485 204 107 293 220 376 468 136 223 91 62 329 418 233 158 496 455 225 201 391 480 165 134 344 399 147 246 428 70 72 212
31 1948 55 218 451 306 374 252 341 204 47 73 493 156 497 154 445 469 106 222 286 327 272 475 223 86 371 347 79 346 72 485 210 394 301 44 49 237 452 431 122 300 499 175 358 314 273 94 410 71 350 377 115
32 1763 230 470 312 187 199 74 81 466 437 330 318 467 100 389 151 68 194 129 265 273 56 450 311 125 104 455 304 76 250 445 246 227
33 1034 197 123 298 155 189 53 152 492 473 450 160 314 460 62 444 203 80 326 232 310 71 241 341 392 469 494 461 45 125 424 111 124 319 168 193 415 381 316 96 81 366 72 417 230 422 409 150 477 322 138 162 329 65 401
34 1856 255 343 153 66 239 96 187 169 350 94 48 423 172 409 68 430 100 227 264 287 498 437 199 54 155 366 98 476 480 69 347 485 195 448 489 397
35 1345 433 97 186 143 168 423 292 408 41 237 176 96 268 399 85 300 126 313 189 220 381 173 99 332 252 479 146 316 49 349 259 194 260 159 132 108 171 459 258 111 196 301 234
36 2000 470 452 139 253 232 344 259 408 447 131 395 360 79 244 472 314 104 419 292 194 424 482 185 404 285 120 161 454 336 320 276 256 443 488 236 356
37 2178 405 456 128 260 244 50 489 278 245 436 143 473 180 387 194 451 85 96 378 470 82 355 223 80 399 183 123 335 217 248 318 125 215 471 247 400 319
38 969 241 344 194 204 467 45 298 144 475 346 95 184 479 111 70 315 108 75 145 221 234 411 130 441 486 77 138 57 136 328 488 276 342 149 224 269 237 272 367 326 437 68 316 429 126 200 201 255 123 83 172 106
39 1581 413 70 55 228 487 332 224 243 436 171 465 442 333 94 298 402 210 207 71 63 418 67 169 457 103 125 437 233 172 183 135 114 185 188 150 439 472 174 318 445 223 441 365 229 50 99 178 253 392 410 193 196 261
40 717 110 184 185 447 193 202 417 198 390 133 383 311 431 377 174 363 175 251 451 303 54 325 376 197 362 248 295 260 125 74 49 298 257 214 430 230 413 170 68 130 404 468 409 127 379 233 317 397 145 456
41 1424 235 496 477 45 222 118 298 81 294 121 385 448 79 137 318 447 201 234 376 126 321 171 440 95 261 415 346 358 75 414 42 218 461 266 46 115 380 306 498 253 251 388 119 51
42 1598 349 217 235 93 162 94 222 445 462 467 383 298 227 434 56 407 191 110 471 90 483 404 273 364 274 297 325 263 63 95 345 96 427 366 394 212 204 491 48 182 82 385 496 47 368 432
43 1394 262 125 326 281 257 301 242 285 339 222 369 284 419 126 297 394 246 404 337 428 129 377 184 413 71 400 389 179 320 250 94 256 214 267 434 217 386 85 86 359 407 161 224 395 204 218 239
44 625 75 82 256 165 487 276 223 492 79 495 55 60 443 283 382 433 408 269 346 430 163 49 313 383 374 333 456 387 53 133 265 130 154 171 162 337 348 261 400 242 90 64 481 365 95 56 403
45 2230 397 157 261 155 51 394 339 55 365 436 358 450 139 151 324 133 492 48 253 54 233 485 128 161 310 391 241 69 408 486 262 340 61 434 494 123 160 153 417 164 255 112 337 476 49 187 138
46 777 201 285 210 484 335 221 311 234 409 131 214 273 199 385 264 382 152 419 248 364 241 479 110 150 272 375 140 403 451 320 229 446 121 397 428 166
47 844 135 465 131 457 335 184 150 443 479 497 70 203 267 244 227 336 317 223 236 272 301 235 438 173 371 103 396 435 127 58 117 166 160 167 175 101 232 483 474 455 319 392 354 428 245 337 452
48 520 425 408 273 457 335 77 486 116 268 246 458 64 396 324 329 357 363 423 488 196 493 234 391 460 114 139 206 103 332 229 88 260 62 123 129 94 218
49 1954 296 493 85 154 314 202 268 145 439 200 210 344 442 398 153 122 194 415 114 161 284 416 318 383 76 362 126 355 373 346 149 433 341 500 178 487 446 238 203 375 229 379 233 261 163 218 147 351 313 99 101 407
50 2048 64 155 52 129 51 394 379 432 100 163 323 75 419 275 203 439 232 230 178 170 361 458 445 154 399 261 446 362 185 146 226 102 77 189 328 200 383 247 123 453 317 278 148
51 2413 324 197 401 328 459 484 87 361 476 54 60 275 351 412 461 71 131 184 486 138 224 245 210 330 439 176 372 167 413 426 325 409 268 362 230 246 142 249 427 449 164 143 141 463 58 199
52 1671 81 393 477 400 97 373 371 208 440 247 492 386 351 280 203 89 289 268 300 283 291 416 193 423 84 253 319 392 391 432 156 456 485 211 433 282 178 230 271 284 186 252 462 461 350 306 464
53 2307 417 172 200 221 83 224 446 104 394 202 365 310 110 376 415 489 139 396 105 469 274 252 228 416 116 316 325 358 237 342 449 69
54 1702 110 432 198 64 180 338 372 303 342 331 95 408 330 260 82 147 339 256 214 416 72 335 493 468 124 354 139 463 150 281 430 87 440 471 240 216 380 396 203 340 245 484 109 228 114 270 323 399 111
55 1054 431 459 265 236 440 451 325 190 469 321 207 364 69 311 100 393 252 270 182 433 345 122 383 406 472 90 176 317 219 129 272 241 259 471 367 373 474 239 63 437 432 418 429 267 481 60 301
56 1940 464 173 94 72 311 394 418 484 393 219 340 500 301 459 322 492 135 62 106 355 378 257 274 202 461 335 289 347 292 331 137 238 381 457 362 334 224 343 414 316 110 118 295 215 290
57 2494 251 382 238 487 445 385 493 74 246 80 424 140 296 303 116 486 488 138 425 452 360 207 400 346 133 389 211 309 308 192 102 152 122 388 182 439 239 268 330 248 427 449 208 282
58 2182 116 209 439 330 337 482 89 245 336 441 391 190 150 103 147 452 203 130 329 174 255 415 307 457 196 426 417 384 490 438 354 383 265 341 179 99 370 471
59 2289 102 83 345 442 329 129 184 383 154 458 460 425 87 331 466 93 252 167 450 143 187 432 418 321 231 219 99 496 294 279 131 390 357 376 443 388 177 123 359 447 175 463 188 415 438 391
60 2067 206 190 70 227 137 321 212 124 152 479 315 87 83 262 259 320 471 93 134 487 395 188 415 306 391 146 349 217 312 498 106 323 445 125 356 101 222 92 243 377 179 463 458 375 86 111 66 333 194 461 486 257 398 386
61 1082 237 366 116 127 450 251 180 481 397 157 200 398 235 304 427 107 228 226 286 490 412 328 261 275 97 75 105 174 143 182 483 425 447 181 436 245 365 248 172 445 151 189 184 413 353
62 1736 420 229 272 79 75 198 137 264 140 460 199 101 489 409 117 411 468 285 349 78 307 226 391 222 313 171 480 163 106 186 181 115 197 408 332 450 248 463 387 404 97 135 122 196 386
63 1330 126 425 338 287 304 415 163 147 92 258 359 227 93 372 268 368 313 419 422 445 274 342 267 404 257 471 383 488 391 431 319 164 78 204 148 263 303 140 90 367 109 403 223 101 97 389 323 82 123 117 119 291 252 328
64 1616 348 361 260 192 296 377 482 222 350 142 282 160 141 385 244 180 359 114 242 211 473 317 422 196 168 215 217 451 311 69 474 193 88 372 184 133 94 177 248 205 179 197 349 306 279 479 476 247
65 649 211 289 487 131 216 415 406 158 254 457 490 383 315 326 302 313 221 245 398 160 259 91 178 84 156 402 69 372 382 485 261 133 225 405
66 1732 473 237 146 436 440 214 365 195 347 205 93 495 281 332 479 372 431 274 135 277 136 118 331 103 279 280 263 329 216 124 349 428 459 483 389 215 251 283 367 233 104 386
67 672 339 158 143 477 260 281 216 154 447 75 433 404 91 368 418 225 295 385 157 265 378 410 379 416 471 333 83 185 422 403 424 383 363 307 211 440 272 235 399 92 176
68 2327 427 198 301 71 367 333 392 313 168 194 246 261 273 137 399 361 291 184 342 395 149 398 481 358 391 415 449 471 92 494 432 86 483 275 125 183 354 387 254 363 231 300 82 213 113 80 205
69 1758 295 407 117 253 116 128 348 437 473 395 160 266 315 169 304 489 399 272 311 486 140 257 324 94 195 161 366 218 424 453 288 347
70 1753 364 233 246 130 129 112 115 482 393 258 353 78 440 363 217 330 320 164 431 124 91 137 310 476 300 477 455 331 309 250 224 160 428 207 144 410 262 336 494 136 488 263 388 498 472 239 342 157
71 2102 316 438 159 412 459 191 229 342 235 218 324 329 432 480 171 428 252 249 174 382 413 427 448 385 90 365 192 353 489 154 374 286 398 216 275 258 463
72 2240 162 270 153 305 281 210 293 218 76 367 464 446 316 292 181 438 255 164 229 328 362 461 199 313 457 122 371 213 141 370 142 479 303 349 449 277 216 190 165 463 296 187 152 178 373 267 341 248 366 264 144 402 246 315 217 340 430 308 157 356 135 163 466
73 2408 284 392 456 271 260 442 198 150 130 466 429 437 279 471 173 167 389 291 455 209 377 332 107 399 137 319 185 489 475 468 295 415 106 258 322 312
74 995 329 290 215 458 149 278 363 229 277 314 104 307 497 298 362 396 340 100 150 295 432 232 145 328 199 406 422 233 230 90 101 285 457 264 319 236 460 401 221 400 226
75 2365 234 492 94 364 409 474 478 316 496 287 440 334 210 297 275 243 196 362 455 406 114 458 493 385 321 282 284 76 454 131 90 464 298 259 498 225 466 240 391 479 139 306 308 452 346 373 331
76 2138 365 447 270 488 237 349 136 430 231 285 225 221 259 424 309 263 82 412 239 214 83 304 494 421 333 280 362 328 487 176 252 356 405 222 224 414 272
77 829 338 408 174 301 78 155 385 286 237 106 253 131 122 251 270 254 497 428 143 170 418 257 280 334 369 287 326 339 417 316 374 259 461 184 351 384 340 317 493 444 192 383 345 481 348 484
78 2266 394 162 231 301 479 275 184 461 427 112 148 347 97 185 435 357 421 105 202 264 317 400 90 471 383 253 192 123 92 336 475 285 304 206 447 380 281 470 372 491
79 1715 138 127 123 207 182 152 471 295 389 174 230 292 265 276 316 294 311 87 450 243 342 492 105 296 364 409 90 340 366 158 134
80 2284 444 92 265 405 385 199 120 164 453 492 288 374 490 417 97 401 162 263 391 148 471 500 115 231 209 228 450 88 366 322 308 201
81 1371 339 407 500 271 241 364 460 448 385 401 276 141 338 344 156 221 315 228 428 396 208 457 165 470 115 441 410 288 438 94 195
82 1184 310 115 104 459 278 208 235 313 448 384 185 156 309 182 169 148 268 164 273 176 499 134 295 311 490 264 242 117 430 380 362
83 1454 436 122 464 285 454 308 332 491 167 450 169 126 146 191 161 371 428 134 487 147 387 139 214 141 417 91 124 200 496 361 418 229 407 354 362 301 263 364 340
84 1177 491 362 227 301 351 263 381 494 173 191 389 287 99 288 168 284 309 346 111 393 190 106 231 294 477 395 130 447 473 436 149 224 189 370 374 192 212 322 499 169 300
85 2386 309 302 283 146 294 397 279 446 221 208 121 157 387 303 455 344 354 167 335 317 86 438 172 233 99 445 378 204 206 248 379 401 492 153 458 166 358 173 437 383 103 494 409 328 284 242 362 243 499 281 423
86 1565 276 393 265 94 339 480 338 269 105 484 381 368 226 360 281 155 188 382 247 224 164 263 354 359 97 243 113 492 349 488 158 366 482 122 154 419 375 183 439 289 455 336
87 2174 186 486 188 454 344 216 211 192 148 338 308 183 422 436 203 165 331 273 368 224 170 483 433 479 493 410 150 312 197 326 130 360 473 269 223 136 124 467 220 100 262 424 98 134
88 2380 310 432 280 354 124 383 144 182 342 258 198 366 481 324 187 233 485 134 184 373 352 412 355 353 343 345 348 396 360 179 136 492 292 301
89 1246 420 361 436 283 430 242 415 358 265 495 184 253 388 491 397 277 458 108 290 355 264 298 152 409 177 262 407 476 479 154 330 493 219 197 198 474 172 226 248 174 110 128 260 294 275 113 412
90 1962 269 111 387 92 155 417 307 486 480 238 206 500 298 201 104 488 127 408 270 205 251 323 432 352 98 424 131 447 356 438 99 498 211 299 176 335 494 244 455 173 242 220 134 483
91 1946 359 255 342 199 162 137 196 470 203 354 488 297 345 174 363 386 457 184 178 141 144 113 207 233 434 310 265 381 120 197 135 105 247 409 97 138 336 320 352 472
92 1829 115 151 445 489 277 278 425 419 483 228 490 217 392 157 436 495 360 455 173 148 238 225 107 352 427 166 364 397 453 324 171 102 498 377 203 322 118 470 327 461 153 294 227 100 109
93 754 108 102 475 300 297 130 116 100 406 419 472 199 229 380 256 325 477 258 107 326 110 224 242 198 392 332 467 500 153 446 412 120 456 313 177 366 290 432 314 396 203
94 2333 132 127 309 401 137 392 334 454 340 113 186 229 216 315 332 478 376 253 260 266 159 351 210 348 444 433 472 459 443 352 330
95 501 150 309 146 485 312 389 287 421 96 368 117 243 259 282 246 398 191 263 388 255 337 385 189 344 136 128 97 127 104 407 178 300 271 212 203 280 129 480 226 347 200 410 113 291 315 164 437 417 351
96 903 500 400 175 211 181 222 328 266 383 344 187 357 456 367 496 167 183 455 413 110 132 255 240 361 395 242 256 243 297 465
97 1122 482 331 316 435 262 136 314 293 447 267 311 436 246 260 265 352 179 472 211 378 165 385 120 162 295 466 244 371 489 317 278 271 389 312 205 340 355 297 182 119 290 134 255 184 404 425 420 131 345 406 369 486 219
98 674 158 101 371 374 404 443 288 202 316 432 336 203 224 327 271 279 479 289 323 135 247 277 205 153 145 114 387 216 111 182 119 113 131 456 498
99 2288 326 296 487 464 426 357 393 430 448 242 245 352 334 120 403 451 382 233 236 136 335 205 297 434 309 278 282 481 169 478 182 192 409 465 152 346 439 279 442 449
100 2380 278 342 370 419 154 201 258 126 104 410 389 271 125 140 344 387 132 119 297 266 425 355 337 420 392 440 227 176 259 204 171 397 341 402
101 1484 347 460 455 388 227 374 485 273 245 198 315 298 414 187 473 479 116 486 429 476 332 122 241 461 336 105 240 399 464 471 265 136 403 139 120 386 263 155
102 1446 252 257 371 399 499 374 366 403 170 247 218 500 180 327 446 294 435 288 228 232 489 207 153 379 285 498 270 164 369 309 493 422 205 182 150 485 179 421 172
103 2119 482 236 342 255 126 188 176 206 226 380 488 238 414 358 181 293 258 369 241 400 194 244 179 142 189 232 215 302 114 221 265 480 239 495 389 377 317 197 272 367 252 444 279
104 1392 162 424 289 397 362 353 239 125 475 463 191 121 226 474 234 170 202 263 221 246 396 358 352 136 194 186 348 430 272 106 365 290 173 252
105 1498 352 376 364 346 162 128 145 127 271 123 450 288 416 194 173 311 266 139 131 143 180 252 142 390 203 108 216 201 392 493 147 258 163 185 404 225 309 474 110 292 463 415 137
106 1541 319 478 450 418 262 205 329 207 302 174 219 367 481 430 424 347 392 211 369 414 206 111 183 321 246 312 134 376 170 486
107 586 261 374 447 338 248 132 299 272 456 320 177 220 192 217 499 363 116 402 337 268 481 470 285 157 395 204 328 224 152 283 178 316 254 292 153 150 229 466 484 341 240 362 326 203 205 281 181 344 471 236 464
108 1828 479 242 499 347 250 259 133 471 366 205 472 289 377 158 236 280 222 319 393 396 465 206 492 230 327 186 428 237 267 240 258 164 173 437 283 159 245 337 426 379 123 457 390 318 157 227
109 863 157 363 151 123 430 361 350 393 271 418 256 346 297 426 167 134 250 191 337 163 500 461 473 495 394 205 148 248 469 142 413 284 422 165 440 401 131 211 408 143
110 1358 290 493 159 187 170 125 496 246 192 452 139 235 178 355 380 471 392 160 466 323 383 254 324 253 219 112 205 130 224 267 195 146 478 410 220 373 319
111 1611 470 389 357 203 495 380 349 430 201 189 419 199 168 222 148 226 435 154 340 496 278 450 257 339 440 468 467 314 290 228 350 438 494 456 338 280 176 341 481 204
112 1291 384 278 375 239 498 172 489 446 245 269 257 242 383 309 347 396 129 356 362 134 395 283 276 140 235 391 250 376
113 2043 352 115 453 439 228 339 275 499 310 377 345 444 341 256 245 263 284 404 151 252 446 164 441 166 147 258 289 152 274 467 362 285 132 119 489 480 253 128 482 403 476
114 2122 392 348 436 280 192 483 173 326 149 158 175 154 376 425 222 196 463 342 355 434 325 239 309 137 148 498 221 233 285 478 394 201 395 269 311 249 490 308 412 452 423 432
115 1525 169 456 372 474 212 357 479 430 246 165 228 252 313 200 499 295 225 396 486 188 375 410 254 401 370 423 143 443 204 352 247 190 297 207 472 275 166 333 493 151 304 348
116 1485 142 170 418 472 126 355 246 457 277 315 426 306 322 165 131 169 157 317 442 332 158 163 325 255 351 421 323
117 1187 321 393 384 355 422 254 275 233 451 183 182 253 436 226 197 212 143 344 224 227 433 374 315 243 446 168 463 400 450 241 427 175 394 230 270 194 312 368 353 468 219 338 328 372 292 405 207 401 257
118 1198 361 159 395 315 325 295 281 154 157 307 134 216 220 197 205 341 158 282 454 397 265 277 497 398 405 313 433 200 359 213 297 176 428 316 189 425 241 178 198 362
119 921 439 144 217 273 390 308 475 450 186 490 305 311 184 225 434 287 123 348 314 366 424 379 331 250 221 164 238 454 208 290 356 150 227 148 286 310 456 159 219 423 211 476 264 376
120 1933 426 440 197 337 285 343 132 251 216 277 476 129 153 161 260 166 155 362 241 463 204 377 417 399 335 379 378 471 484 141 346 135 245 419 171 339 397 332 464 336 215 124
121 2217 434 450 380 282 410 451 191 364 277 322 420 492 402 359 369 266 293 383 252 441 444 285 150 139 427 288 138 249 453 415 479 332 213 270 134 391 142 145 327 325 484
122 1925 153 160 301 445 498 397 350 399 267 169 266 285 132 195 288 216 451 483 480 381 260 226 343 218 471 181 380 244 472 214 149 170
123 818 295 273 180 178 250 312 447 352 238 488 456 448 203 321 349 185 373 299 267 479 170 239 205 247 257 394 362 282 255 319 183 367 277 248 151 181
124 2472 438 269 278 305 445 143 400 285 368 242 129 321 409 186 432 348 448 299 319 435 356 254 162 419 205 286 262 329 212 240 449 182 156 141 229 492 443 190 208 303 362 193 253 126 500 323
125 1757 140 334 430 330 407 308 371 170 186 226 433 236 418 487 214 423 470 141 479 188 396 150 190 271 428 493 499 256 296 232 315 187 337 153 172 422 302 316 437 357 459
126 820 303 183 386 452 132 225 247 412 166 446 239 299 463 142 403 376 140 313 477 329 289 344 146 168 195 218 178 391 136 341 154 305 353 285
127 2432 191 328 431 402 403 203 181 319 260 306 332 206 229 428 457 365 242 268 235 441 168 224 474 372 420 497 305 172 241 482 284 426 468
128 1936 358 451 413 206 411 307 232 405 433 271 441 472 341 188 179 481 430 261 158 337 216 443 344 412 385 240 423 417 311 193 224 170 414 371 270 429
129 551 258 425 140 261 238 150 236 470 263 398 435 413 406 146 153 197 292 309 268 195 353 370 243 289 440 267 500 432 367 319 232 469 332 305 168 171 192 422 409 417 158
130 1776 264 350 412 329 167 300 392 433 381 407 322 253 394 160 436 186 157 208 467 244 410 180 174 499 144
131 1373 405 143 352 295 477 198 255 486 386 333 138 392 389 293 189 147 373 382 309 313 436 150 159 216 278 363 267 178 397 349 304 421 480 248 252 403 165 335 358
132 1092 351 174 485 369 451 393 437 284 203 415 358 331 148 188 317 252 158 295 254 265 233 147 197 240 222 138 291 491 193 468 320 499 440 421 407
133 721 458 266 464 414 488 192 440 308 222 449 180 310 485 420 156 261 405 322 423 329 491 326 135 167 187 249 255 425 221 437 386 271 136
134 548 186 344 388 264 194 305 292 282 367 369 239 345 306 226 205 351 373 340 327 196 460 223 380 302 269 481 185 255 409 246 498 489 332 434 159 411 227 179 480 365 261 271 342 493
135 1541 182 227 380 260 148 334 445 439 317 345 168 313 338 154 330 179 304 367 178 386 361 397 213 224 210 308 144 184 407 221 357 258 491 332 486 328 438 219 143 409 437 241
136 1720 454 209 432 208 150 243 340 169 305 423 399 187 262 154 182 468 486 308 197 230 285 303 292 326 302 488 173 201 162 260 376 395 383 352 304 498 298 402 188 438 332 460 225 419 440 266
137 1146 361 470 436 360 310 289 344 424 220 223 246 295 464 390 278 230 323 185 201 308 314 476 229 453 356 154 465 146 193 487 330 456 170 399 287 291 151 389 493 250 275 393 188 191
138 1627 374 192 252 387 226 276 406 344 277 488 204 177 325 500 239 333 350 443 161 343 386 274 280 456 159 189 371 362 354 477 244 144 329 499 315
139 604 168 271 226 172 459 401 257 498 329 232 224 270 404 223 324 202 159 155 375 425 390 338 190 340 243 447 163 403 217 306 473 490 269 431 142 424 444 152 294 359 438 320 300 440 342
140 1510 232 196 399 343 188 195 334 255 459 223 461 205 293 466 394 329 230 376 162 457 253 386 160 266 452 248 275 441 397 330 437 403 298 229 401 495 492 425 407 221
141 2043 279 178 290 469 191 497 200 436 366 269 255 182 183 468 399 377 359 240 344 246 388 410 272 305 156 500 282 199 473 340 153 376 440 387 220 471 162 310
142 1715 356 236 180 154 403 222 200 187 281 376 287 496 167 478 409 255 179 203 242 486 272 313 411 381 220 294 437 378 194 149 322 184 412 276 143 316 500 198 250 453 399 195
143 1858 493 149 291 446 210 331 225 193 445 296 301 350 211 209 461 163 268 297 341 402 147 477 389 231 342 170 403 233 208 324 413 308 359 245 214 260 387 471 167
144 1585 274 439 327 348 377 247 445 284 179 351 217 403 194 498 376 223 295 406 444 350 256 449 368 415 225 402 171 416 151 418 432 483
145 893 303 411 368 284 307 185 425 354 326 404 347 445 332 376 255 431 469 485 338 291 283 327 384 488 386 487 150 348 190 367 207 163 214 389 298 238 466 309 491
146 883 473 214 385 256 472 182 381 310 247 344 431 215 274 390 255 165 368 205 430 451 248 171 437 369 350 338 308 401 170 251 301 410 243
147 569 429 371 225 412 337 181 481 428 445 302 164 320 298 484 151 340 450 190 256 234 399 492 470 304 187 476 485 362 459 347 357 379 168 282 495 206
148 1580 471 224 293 456 268 208 458 354 217 271 337 480 402 250 314 436 260 472 386 405 286 153 228 244 232 376 306 485 393 197 178 269 274
149 1581 338 423 194 164 347 440 328 478 219 170 226 446 205 477 415 452 286 268 302 486 354 193 327 270 188 184 378
150 991 152 315 459 438 413 198 395 271 201 204 245 332 437 474 427 478 272 387 399 157 218 386 341 337 178 206
151 570 293 268 398 154 198 261 260 168 351 166 313 498 384 211 322 451 444 329 438 441 332 159 344 281 213 318 303 282 180 297 239 331 396 485
152 1298 236 292 330 361 416 348 483 176 234 313 474 180 177 288 420 423 325 201 299 376 470 329 395 434 455 274 197 219 396
153 1973 348 306 386 308 457 316 423 208 432 199 328 257 347 215 371 365 202 198 303 209 421 322 468 471 283 176 335 445 412 401 255 453 495 304 385 161 374 241 351 429 221 278
154 2446 444 434 261 260 237 336 401 457 462 367 408 477 227 449 427 440 322 394 207 208 180
155 826 336 478 174 387 381 356 372 298 484 458 426 461 207 492 374 474 225 416 343 278 237 433 496 275 179 359 411 159 398 410 167 250 206 320 243 213 470
156 786 294 383 463 497 219 262 327 447 293 232 162 260 247 178 202 495 355 340 461 304 223 449 269 228 186 165 188 242 261 227 433 253 422 210
157 2323 469 240 378 438 330 419 481 350 355 234 278 474 168 427 424 394 303 335 227 195 391 497 177 370 160 492 412 478 493 351 494 489 295
158 2315 182 426 308 177 204 174 160 304 231 394 373 225 396 178 424 227 446 215 382 405 280 338 299 172 256 306 391 399 479 345 269 370 335 439 483 277 455 209 324 453 223
159 2223 226 243 201 204 368 250 235 458 367 238 353 487 164 265 217 183 173 300 420 489 278 284 249 306 194 209 236 274
160 2374 263 422 420 413 428 377 366 359 339 324 329 183 466 442 403 343 216 317 276 260 191 241 483 244 374 369 360 221 448 190 275 307
161 1591 399 222 199 303 258 291 272 459 445 390 476 490 495 462 463 173 422 284 307 497 261 248 482 392 481 447 365 288 500 240 316 292 485 328 273 451 236 184 306 418 217 455 171 385 360 207 244 398 315
162 1095 170 177 236 389 347 278 395 420 348 443 394 431 203 370 219 353 448 315 405 204 258 225 365 199 188 297 444 498 483 399 374 173 499 364 363 282 334 307 401 190
163 523 483 443 314 397 340 253 205 369 211 407 294 175 243 255 186 462 435 194 475 201 221 236 457 252 415 471 372 469 474 382 316 229 497 269 390 272 494 217 284 311
164 1369 434 467 318 237 371 259 208 495 452 276 453 280 426 425 397 339 215 427 368 258 178 411 477 403 369 351 442
165 1143 418 402 465 386 374 458 407 198 451 174 487 306 356 448 239 254 347 412 215 352 349 327 233 328 481 375 477 398 401 245 343 281 316 479 426
166 1564 210 487 402 323 349 352 365 435 182 417 441 451 322 395 257 495 230 362 421 392 243 236 491 319 465 233 193 180
167 588 481 496 377 365 220 488 207 313 176 461 422 363 348 218 241 261 326 264 450 445 321 338 273 330 172 275 208 197 460 429 342 188 458
168 1347 422 316 455 446 330 338 199 359 457 253 453 257 182 460 193 447 357 329 347 387 477 444 469 441 391 229 439 271
169 691 182 442 274 333 201 444 412 459 481 221 492 250 304 328 334 312 339 194 498 176 417 317 171 479 298 185 336 189 475 307 343 374 409 470
170 2250 451 171 498 435 408 467 358 329 241 459 263 490 450 224 429 367 185 476 181 383 350 231 417 254 336 482 344 291 325 273 199 360 487 206 497 316 227 359 262 395
171 2357 457 338 199 412 494 312 384 320 275 378 293 255 204 319 276 256 432 369 296 456
172 1791 277 359 330 296 387 400 415 375 239 455 295 303 374 348 365 439 207 180 478 185 403 451 262 410 293 223 481 486 412 284 321 209
173 1021 428 492 244 473 426 187 348 465 184 178 487 190 263 277 378 316 417 266 222 284 336 210 288 333 424 370 254 297 466 401 312 236 361 413 387 180 365 326 446
174 1714 348 255 457 288 461 414 286 281 216 460 213 191 175 236 485 365 251 206 318 268 357 430 198 413 187 243 412 240 301 472 367 244
175 875 208 345 336 479 490 221 368 250 422 358 312 220 291 292 374 500 278 181 192 323 267 357 478 196 497 211 399 202 239 304 355 258 347 381 197
176 1415 211 429 376 330 332 442 378 205 302 232 177 465 293 217 326 385 445 351 214 408 377 312 264 187 431 383 410 387 366 456 316
177 1654 484 302 231 369 178 326 280 236 424 320 427 274 273 434 263 182 301 461 296 235 332 414 189 382 403 404 474 415 230 223 216 219 344 431 204 352
178 501 235 264 489 265 373 304 387 369 227 415 236 303 412 356 276 440 323 429 482 498 310 249 247 476 191 397 477 431 188 228 223 238 460 417 226 183 233 462 187
179 2495 406 397 423 277 193 386 284 372 186 439 315 430 416 363 497 197 337 359 189 283 428 495 274 396 469 249 449 489 380 210 181 351
180 735 378 351 332 457 224 183 387 322 491 473 480 463 220 372 374 249 476 229 468 452 212 265 290 261 446 365 354
181 549 244 321 352 499 430 320 226 486 479 257 239 276 205 353 385 272 386 328 457 270 311 230 357 299 489 470 249 330 290 450 261 243 293
182 2122 495 483 246 276 434 346 194 443 243 467 488 493 281 464 355 457 326 269 453 290 373 330 272 420 357 386 303 350 440 318 245 406 316 340 486
183 1090 391 212 473 251 379 201 492 286 398 340 387 415 483 249 438 213 459 432 477 450 316 283 359 462 308 209 400 204 430 356 233 269
184 2022 263 378 347 314 280 349 287 320 218 451 242 398 309 417 404 246 192 490 388 208 317 475 367 261 260 448 265 399 478 335 214 207 222 487 228
185 2068 196 326 290 441 465 388 186 404 406 295 234 426 364 362 294 366 225 344 249 248 471 285 303 464 493 222 335 217 307 329 350 343 193
186 973 478 398 423 493 320 359 287 219 277 368 248 437 334 356 274 282 441 294 221 482 495 288 362 215 299 205 447
187 2309 382 214 343 441 229 271 270 453 390 267 410 365 327 412 387 394 190 414 208 437 291 480 346 242 401 415 261 457
188 1890 362 415 409 445 477 495 460 297 440 439 449 319 321 410 348 281 497 349 450 474 453 291 423 406 331 466 198 235 443 459
189 787 401 475 264 269 377 271 360 473 260 440 292 290 284 214 411 346 500 489 347 371 463 407 355 390 283 443 444 432 337 445
190 2031 275 440 441 409 300 203 396 353 341 437 443 392 238 477 265 474 355 479 363 263 454 235 318 473 255 343 338 498 262 433 319 410 468 471 435 351
191 1321 426 406 448 217 365 347 300 490 468 291 435 341 387 469 487 280 333 453 204 357 412 370 350 324 399 295 272 450 369 481 478 254 390
192 1878 336 490 255 249 240 210 427 244 312 260 366 226 474 287 467 299 337 339 326 242 291 253 195 325 247 233 319 296
193 2183 230 319 303 390 320 451 480 450 322 440 344 305 347 483 373 280 405 255 429 354 284 484 345 495 446 381 445 325 236
194 1344 335 210 326 323 290 426 465 427 401 393 334 296 379 467 347 320 389 350 340 230 277 329 254 366 404 248 311 377 263
195 2305 462 485 397 398 227 219 418 449 443 263 252 435 200 205 309 453 253 433 249 404 241 203 210 348 441 206 228 291 293 335 393 254 369
196 2383 291 422 337 315 477 203 476 374 443 463 428 342 417 402 239 247 386 355 277 213 356 425 462 294 457 461 459 357 412
197 2408 485 383 296 252 212 431 406 202 496 448 274 206 361 481 209 217 225 462 332 385 442 278 343 198 445 465 321 311 266 322 303 210 399 405 393
198 2393 279 317 314 331 387 491 295 367 268 228 458 226 212 398 299 394 498 493 364 445 467 482 330 475 386 262 211 479 395 222 255 342 360
199 1229 335 334 306 370 381 287 214 302 385 406 455 443 469 461 205 371 275 427 303 266 350 261 217 472 400 234 293 327 494 206
200 2156 271 206 330 355 227 321 203 333 277 376 395 209 441 382 241 215 475 317 370 318 242 307 422 471 369 361 437 260 319 256 257 368 306 495 213
201 2143 239 457 386 324 419 366 326 493 336 233 283 309 313 396 422 316 207 224 247 254 381 277 279 417 331 486 241 341 414
202 642 204 471 301 352 381 322 287 457 492 491 396 305 356 455 487 426 217 288 481 404 315 449 271 249 219 456 250 273 227 483 318
203 1446 440 496 356 205 429 498 327 235 386 294 432 446 379 311 297 284 263 455 208 227 350 426
204 663 330 476 325 377 326 240 323 261 232 499 439 363 213 349 455 212 490 338 319 473 253 336 466 350 484 405 277 348 215 425 482 259 216 457 230
205 1414 233 412 340 458 227 328 316 443 354 283 310 468 295 480 403 349 298 409 436 334 470 486 457 347 360 250 220 391
206 1378 359 405 461 469 269 318 288 489 422 271 350 420 459 342 399 333 387 499 371 230 436 470 265 298 429 225 367 280 414 234 388 393 328
207 1135 425 213 386 254 426 447 261 404 270 480 333 258 398 432 479 462 373 234 210 424 360 247 306 475 310 379 400 215 399 407 459 323 353 495
208 567 260 244 448 382 280 272 439 279 454 302 355 336 469 424 413 229 420 425 461 372 347 411 263 478 271 380 261 422 450
209 1380 224 281 303 401 221 265 446 343 429 496 391 457 334 449 478 377 311 499 411 210 433 294 432 419 395
210 687 355 304 495 225 256 266 374 482 364 288 466 499 494 445 336 455 437 338 461 376 259 315 475 267
211 2360 233 221 470 293 264 278 250 416 317 378 392 492 288 414 406 343 237 361 413 420 471 395 274 469 494 241 433 235
212 986 245 343 270 470 493 446 233 272 435 367 267 457 412 218 302 469 298 323 238 337 330 451 306 403 219 394 414 345 379
213 2309 270 368 444 371 258 445 279 331 466 397 291 281 461 356 328 215 248 327 250 287 264 351 332 240 437 305 491 426 324 274
214 506 315 355 316 293 247 365 452 465 419 411 311 469 343 233 379 397 350 278 262 331 274 313 287 327 289 271 261
215 508 356 352 461 243 370 415 469 495 380 499 452 396 400 216 413 406 476 446 265 241 225 490 248 221 217 239
216 1433 399 464 446 379 413 302 476 393 385 326 265 311 492 293 472 441 342 475 291 445 370 434 490 260 372 457 473 257 448 341 244
217 979 219 340 362 447 418 467 425 322 445 267 488 351 377 477 396 346 254 326 312 300 406 264 474 361 460 252 411 390 415 296 470
218 1874 337 400 316 270 306 298 468 353 478 338 466 397 485 269 448 366 431 323 240 267 304
219 2381 270 261 260 226 470 412 467 297 391 497 411 336 394 364 298 466 241 308 409 347 392 485 486 338 464 352 441 223 370
220 1267 281 447 397 305 372 301 494 279 481 334 461 339 369 413 283 476 442 304 282 427 303 468 367 275 409 371 484 490 499 330
221 961 298 434 289 260 238 227 267 490 383 343 458 420 426 318 331 390 235 257 404 438 424 292 347 319 494 475 355 271 366
222 1201 326 328 500 410 300 384 480 310 255 496 459 308 494 391 309 385 241 243 370 347 453 253 233 401 341 394 491 464 468
223 2202 405 288 319 364 382 256 357 243 426 399 416 451 447 294 384 474 252 295 427 412 331 487 448 309 306
224 643 325 268 239 330 284 459 476 227 342 429 446 324 302 472 228 438 340 431 455 255 492 259 357 432 390 433 315 240 467
225 1602 255 252 395 232 419 233 363 294 450 297 346 247 466 253 328 227 313 337 390 270 378 267 387 316 359 319 242 240 309
226 2006 389 343 363 460 498 287 316 336 418 247 232 394 291 256 453 313 279 238 289 346 497 384 359 489 370 362 273 258
227 2083 495 468 475 359 350 404 466 346 493 360 455 234 290 454 254 396 481 368 405 277 236 434 488 489 355 338
228 1066 299 280 348 316 403 336 475 428 368 260 405 356 455 401 272 431 234 467 325 420 343 464 413 391 277 409 450
229 1456 307 379 425 252 457 382 238 458 472 294 473 481 442 299 279 462 291 278 283 397 346 266 303
230 2370 472 247 379 470 464 442 475 232 258 467 451 259 240 330 344 261 450 234 485 410 257 454 246 400 294 325
231 722 422 456 385 324 473 235 490 258 429 256 477 304 419 461 315 294 486 428 406 398 432
232 655 288 442 481 384 353 461 237 407 388 437 334 375 255 464 282 445 467 451 484 317 322 312 323 452
233 2069 239 332 387 327 244 474 316 411 488 372 236 483 345 485 297 442 272 400 462 481 289 379 368 290 470 256 303 323 414
234 1225 300 296 312 241 252 369 274 387 245 377 484 360 381 440 378 486 363 411 320 329 392 302 448 295 476 461 251 367 466 497 293 439
235 2376 320 333 340 253 328 237 353 388 395 287 302 319 335 454 444 364 375 411 270 306 252 387 433 259 466 494 271 427 316 493 266
236 539 347 265 305 238 258 296 497 382 345 334 363 286 342 450 350 331 360 302 354 314 367 366 449 336 468 358
237 1661 351 258 370 428 261 481 494 431 343 333 492 471 277 479 378 413 346 332 308 429 489 268 447 285 480 475 411 484 400 296 419 271 394 266 310
238 1011 350 281 260 386 312 431 399 290 267 317 266 284 256 273 457 388 405 321 346 409 447 262 400 484 244
239 607 470 252 471 351 442 329 490 497 458 328 343 376 419 473 275 310 276 289 296 494 248 280 290 385 339 352 461 246
240 2098 295 283 377 307 499 263 447 458 445 410 346 486 482 433 484 353 252 256 451 287 343 300
241 1198 412 269 388 416 323 368 468 391 403 263 252 353 390 354 292 312 478 417
242 2024 447 341 400 316 397 273 286 478 323 267 307 484 500 301 339 343 367 289 493 471 260 345 426 460 490 393 422 427
243 583 331 282 253 493 307 388 424 244 326 378 473 446 323 333 391 373 284 311 397 429 360 248 343 280 383
244 563 327 410 487 247 428 472 482 406 407 484 446 490 375 342 279 307 319 498 263 289 297 357 281 252 436 442
245 2031 358 355 463 295 432 316 290 378 274 450 400 422 427 313 284 344 429 375 349 433 346 494 437 376 435 253 329 490 353 392
246 2149 375 482 485 488 428 382 289 456 387 371 465 452 486 368 360 418 487 277 477 255 274 398
247 1497 413 255 406 470 432 450 482 392 403 459 327 440 385 475 358 492 350 260 292 410 422 329 324 368 339 337 485 454 269 388 447 259 418
248 2067 366 356 354 373 290 496 494 362 424 321 482 251 484 455 384 277 470 483 476 457 302 283 309 257 497 360
249 1522 298 422 490 257 437 427 277 270 393 283 488 434 446 396 304 284 327 478 317 432 251 486 325
250 1377 310 326 401 445 407 493 417 261 358 490 421 316 274 276 387 373 312 338 487 411 335 473 464 449 374 484 456 333 257 451
251 833 306 363 443 449 474 490 445 425 268 295 328 482 321 274 278 368 269 457 455 380 452 437 293 487 336 362 492 304
252 1983 350 442 365 460 466 288 308 459 374 282 371 417 363 273 264 319 317 353 472 346 439 382 435 478
253 1635 410 428 472 433 380 497 393 369 457 330 342 284 282 324 360 319 347 375 318 307
254 2093 487 320 376 431 450 417 497 324 267 469 350 466 340 358 435 334 390 283 302 426 400 281 303 352 408
255 1683 349 327 449 308 460 270 281 418 398 350 500 436 292 479 453 323 442 474 468 373 497 354 397 357 259 489 494
256 736 485 276 379 419 320 357 392 314 401 499 415 296 434 425 302 411 274 405 311 472 321 298 309 380 330 387 266 398 449 477 497 386 407
257 1598 464 487 303 472 481 395 431 453 448 327 288 343 345 268
258 823 315 433 337 297 353 336 471 442 491 268 346 463 300 481 406 420 449 407 331 395 435 296 386 393 352 499 460 443 301 378 461 316 269 329 364
259 1302 354 283 338 483 413 305 339 301 409 419 276 323 334 479 453 484 319 422 425 432 478 352 328 297 482
260 2111 359 394 471 492 334 303 462 457 414 455 327 332 351 427 396 424 366 265
261 692 345 411 340 500 395 493 329 409 360 402 321 432 337 492 453 498 350 348 335 341 262 268 307 314 397 315 323
262 1081 355 491 461 334 268 282 310 266 338 462 406 297 343 497 359 373 340 412 279 446 326 470 493 274 445 284 393
263 2266 276 473 318 288 409 408 401 465 340 426 444 442 381 275 347
264 1818 291 438 440 319 480 315 327 357 382 469 349 385 361 462 332 431 274 411 489 484 413 390 401 329 304 278 303 367 406 425
265 1364 384 379 386 332 318 488 280 319 372 363 353 403 480 442 352 287 462 361 407 445 302 453 281 430 311
266 1699 487 378 400 398 366 395 469 462 428 441 295 364 302 407 426 389 355 283 388 332 450 320 448 427 288 405
267 1858 429 340 491 359 439 497 399 272 386 485 437 291 335 465 269 476 432 280 352 367 459 334 381 494 331 443 310 329 279
268 524 295 362 351 410 373 328 355 360 309 428 401 400 397 349 291 449 394
269 2210 396 291 348 292 394 487 465 418 296 460 331 347 336 436 340 412 389 330 354 310 486 443 390 368
270 1522 465 378 385 339 493 394 475 408 278 463 361 291 390 467 367 307 482 481 427 391
271 1679 285 485 291 348 387 500 375 491 306 432 378 302 493 403 409 475 395 464 424 325 312 300 341 460
272 2465 441 485 354 455 408 467 399 281 293 377 320 459 292 389 451 378 456 299 371 429 361 373 433 343 321 426 410 355
273 1045 351 367 444 424 454 470 317 353 302 450 449 408 386 440 297 495 493
274 1762 300 446 412 306 443 456 311 375 286 426 330 495 478 284 373 319 281 353 435 408 365 315 438
275 527 446 281 293 418 479 497 310 435 276 352 443 320 387 365 492 457 359 323 448 460 331 373 371 403 440 456
276 2133 483 451 437 363 480 300 454 334 383 484 470 358 323 474 458 297 326 496 475
277 1411 484 306 429 385 413 389 380 328 362 340 487 357 493 447 476 441 278 406 432 284 377 356 456 358 279 290 308 348 422
278 1081 467 403 376 404 329 427 344 430 288 473 426 355 318 351 382 303 315 393 325 438 293 311 312
279 1700 405 422 358 395 386 329 336 453 449 353 384 311 283 432 338 426 428 385 416 493
280 1990 491 476 458 372 374 329 366 301 414 478 361 387 494 475 330 477 392 407 362 497 419
281 1958 372 443 380 289 487 432 423 322 348 354 375 445 318 367 492 403 482 469 309 397 404
282 1590 376 440 427 320 374 385 458 421 461 340 433 430 386 457 331 406 390 483 379 381 455 307 366 489 442 333 336 399
283 1473 420 445 484 490 437 468 453 404 344 318 386 334 380 304 416 429 361
284 649 446 351 498 463 417 317 499 403 461 341 454 314 390 437 391 332 427 449 335 356 316
285 1182 326 304 500 460 343 321 403 359 490 436 296 416 303 345 314 455 340 492 341 405 442 323
286 2213 431 358 482 417 493 390 299 376 346 351 486 368 442 344 485 313 396 393 430 303 483 429 305 309
287 885 324 333 371 395 467 331 409 408 379 414 289 307 312 433 411 450 493 326 372 464 449 342 297 423 309 434 313 402
288 2281 383 484 389 291 352 486 432 328 314 361 382 306 480 498 419 292 417
289 535 469 482 498 341 294 310 293 372 442 458 465 486 305 455 495 342 344 313 448 334 460
290 1245 484 345 429 490 371 397 309 432 406 424 312 467 307 366 325 304 444 474 404 459 455 336 370
291 1448 447 394 451 403 450 409 448 306 428 324 352 319 465 434 381 485 470 372 417 460 407 498 399 398
292 2285 293 376 426 360 452 413 355 446 390 462 396 480 437 324 393 451 359 425 485
293 1383 383 362 368 346 302 317 389 481 351 402 466 394 486 396 342 329 338 452 322 356 461
294 1214 442 495 440 364 353 449 483 317 316 441 389 390 419 462 450 370 319 301 323 457 479 315 409
295 1603 449 500 425 403 351 382 437 346 438 378 452 408 477 479 353 397 368 429
296 2247 327 362 343 410 315 341 418 373 481 305 322
297 2413 405 326 487 310 430 458 471 321 477 358 451 421 417 343 410 484
298 517 463 434 429 321 376 341 371 309 490 450 381 472 402 427 317 353 405 492 373 334 471 355 469 455 310
299 1828 369 397 338 457 314 324 309 440 405 485 350 434 359 375 450 381 429 414 452 399 320 469 407 398
300 1679 354 448 405 494 419 359 340 404 475 493 487 485 307 349 336 413 492 367 459 391
301 1539 369 495 473 472 321 448 407 427 499 485 346 323 358 360 343 461 400 309 345 479 330 361 350
302 1006 496 312 422 438 481 474 363 458 429 400 375 358 308 367 500 330 463 410 344
303 1643 488 405 466 428 473 410 347 491 500 477 357 440 376 386 373 343 444 351 433 493
304 2084 488 388 335 321 410 466 447 483 306 460 312 393 399 408 482 382 443 499 450 500 362 428
305 1826 457 373 388 399 494 498 404 460 393 348 310 346 443 497 470 318 327 412 385 386 377 467 372 355 391 484 315 429
306 1227 435 383 400 318 425 497 473 437 423 493 395 491 365 382 401 463 387 494 452 364 345 488 359 357 446 419 310 335
307 1274 376 469 461 414 485 417 321 437 379 499 455 328 398 325 447 471 347 311 492
308 2294 311 376 328 478 456 431 406 321 427 324 390 492 463 443 442 437
309 1809 441 383 348 400 430 470 433 454 406 310 455 386 498 429 423 415 495 323 444 367 346 352 426
310 2474 325 321 332 425 352 467 316 476 485 392 438 390 445 442 351 384
311 1783 456 443 338 470 465 389 343 409 447 401 432 462 449 372 472 347 331
312 823 466 446 339 405 346 352 494 434 361 467 324 368
313 1563 387 380 318 379 480 459 406 468 440 413 370 338 359 474 439 462 428 321 482 483 443 369
314 2313 358 378 350 468 490 398 423 443 376 402 372 409 329 472 454 424 338 488 383 344 498 465 426
315 530 477 466 474 453 317 367 469 462 483 491 465 476 485 459 420 364 428 478
316 2246 436 335 393 494 410 497 469 354 349 340 392 432 487 330 325 405 391 491
317 2026 404 415 377 338 485 428 455 380 350 390 418 462 374 331 343 456 450 332 442 403 457
318 2473 487 489 427 453 330 348 460 386 424 496 486 456 376 399 418 417 371 379 439
319 1583 443 498 486 450 348 462 423 466 378 496 352
320 1618 495 369 444 465 421 342 375 443 432 385 452 402 423 400 329 485
321 1217 422 327 447 440 342 439 462 341 452 458 379 491 357 412 443 467 394 337 338 393 398 468 473 436
322 530 380 458 393 478 485 371 433 500 442 477 486 416 470 388 499 438 487 466 375 356 414 367 396
323 960 483 373 452 428 335 366 414 417 468 463 326 369 478 431 436
324 1658 476 430 484 495 486 327 461 356 437 387 344 462 428 372 429 363 468 458
325 801 383 381 326 343 402 428 356 432 350 361 346 461 397 455 385
326 1620 484 446 367 389 371 405 445 421 393 451 346 372 397 449 470 488 462 417 480
327 961 387 498 490 497 442 445 448 377 354 431 477
328 2271 433 452 351 333 487 427 453 469 477 370 499 398 346 441 474 465 389 462 412 483 336 475 394
329 1637 360 463 477 491 338 476 391 332 435 495 359 487 370 346 362 444 419 408 464 400
330 2290 409 374 366 358 413 428 451 384 470 495 387 407
331 1449 399 389 495 396 397 444 431 418 445 332 432 459 420 351
332 675 357 469 486 391 464 448 405 481 490 462 369 477 381 461 473
333 2353 377 458 425 415 411 490 466 369 413 412 430 449 420 399
334 2149 396 437 373 352 371 452 438 392 356 422
335 1816 440 370 343 429 419 376 444 455 414 403 486 432 372 358
336 1235 423 491 484 374 391 359 360 385 400 466 436 377 339 376
337 2434 380 410 381 488 451 377 446 476 433 350 397 492 396 455 383
338 589 429 397 390 382 378 452 428 413 361 388 435 374 344 418 462 475 356 346 496
339 1028 490 478 421 367 359 477 351 424 344 489 366 396 405 430 435
340 1299 418 465 447 381 484 415 408 364 429 347 373 405 411 390 453 371 341 404 350
341 2120 426 361 481 399 411 496 368 370 354 345 470 367 499 438 449 346 463 385 347
342 1869 447 389 352 478 363 385 497 421 494 408 395 427
343 1179 401 477 469 491 441 402 473 432 388 450 410 378 460
344 1183 354 488 416 467 481 495 465 419 421 496 474 365 398 382 370 395 443 414 470 363
345 1681 471 403 382 443 404 351 417 453 460 402
346 1209 424 370 371 352 369 373 436 409 381 444 382 407 408 462 481 496
347 2486 429 483 419 403 414 463
348 763 455 461 417 393 352 410 434 454 460 475 384 361 447 492 409 377 349 450 406
349 1182 462 359 380 406 373 411 399 443 492 425 454 446 480 471
350 1568 416 467 429 382 470 400 420 442 372 431 383 493 476 436
351 1882 353 356 360 458 468 427 450 393 405 400 459 476 440 381 487
352 1456 365 500 355 498 459 452 462 456 381 481 398
353 1155 471 359 435 417 409 410 487 479 448 354 389 473 449 436 424 408 464 476
354 2342 438 419 427 467 409 451 479 395 466 485 413 476 500 424 436 494 478 431 383 389
355 613 495 367 390 452 422 418 424 410 363 428 373 402 432 372 425 450 477 380 472 436 426
356 1014 450 485 465 417 374 422 421 401 475 452 480 429 447
357 1461 418 488 453 459 409 454 411 496 368 424 403 370 477 423 410 374
358 1075 365 419 457 397 380 448 483 402 435 455
359 784 494 468 489 368 451 453 407 436 500 367 416 382 466 385 492
360 2155 395 490 469 458 400 445
361 2422 473 447 466 429 404 423 495 498 401 486 446 451 484 440 496 385 362
362 1291 407 497 380 404 479 384 381 466 423 464 482 391 382
363 2330 471 416 399 458 372 370 420 387 412 384 389 413 462 408
364 1831 401 437 370 487 468 381 472 397 366 371 429 493 474 390 458 398
365 2497 490 448 462 460 406 392 427 412
366 1202 438 383 397 449 412 483 421 408 398 393 481 376 368 399 442 435 410 443 372 450 480 484 374 367
367 566 395 403 449 425 475 438 490 469
368 2430 497 490 468 376 480 450 472 498 475 375 433 369
369 1292 403 399 416 414 380 396 385 460 470 489 412
370 651 475 417 385 479 486
371 1228 500 497 459 383 466 414 486 460 458 441 492 432
372 2469 419 399 429 455 412 466 463 478 377
373 2020 449 434 466 385 399 424 487 481 397 475 469 500 394 494 447
374 1465 459 452 411 441 420 382 487 497 493 482 422 470 414 480 408 423
375 1151 459 493 418 438 494 498 402 403 500 448 408
376 1201 434 398 481 415 459 476 452 435 384
377 2174 492 469 468 446 387 428 478 491 442 457 426 407 464 431 392
378 693 401 396 395 468 394 481 495 462 477 428 433
379 1464 448 429 409 480 462 486 463 488 473 447
380 855 477 396 491 478 388 406 435 394 425 385 452
381 1318 496 478 418 473 404 422 440 419
382 2403 481 409 390 488 447 493 411 471 490 446
383 1812 433 422 445 468 463 395 498 424 480 451 462 499 485 474 477 461
384 1974 416 469 457 392 486 432 456 463 462
385 1801 418 386 460 467 472 445 416 485 442 391 486
386 1482 454 486 425 387 400 498 399 410 499 397 420 421 435 437
387 2488 399 463 462 431 460 411 473 397
388 2319 455 403 462 428 458 499 492 394 422 432 461 471
389 1614 488 459 497 405 411 491 412 406 477 479 464 440 487 462
390 2329 450 473 413 448 416 475 406 461 499 472 476 410 482
391 1973 477 428 436 448 481 498 402 451 433 494 430 400
392 1535 471 456 450 422 493 416 404 432 407 488 481 477 396 486 455 464
393 1119 408 471 423 449 424 426 490 448
394 1359 481 418 493 395 409 406 474 419 427 424
395 2424 489 467 485 450 411 495 399 442 400
396 673 476 488 467 430 464 472 496 415 419
397 2062 404 453 483 408 473 493 499 491 494
398 2490 417 469 436 411 423 468 475 465 493
399 602 487 418 481 461 423 421 474 469 426 448
400 2411 423 482 479 428 445 459 495 489
401 2198 446 434 449 416 496
402 888 474 475 427 485 436 467 453 428 441
403 2379 460 479 439 480 493 467 426 442 494 451 484 423 471 496 414
404 1718 419 492 498 428
405 1853 414 423 428 488 435 461 495 493 446 469 409 497
406 587 416 490 467
407 1976 500 440 480 496 422 485 475 465 464 470 462
408 1526 460 484 491 452 465 474
409 780 411 430 498
410 2497 419 497 485 458 460 456 411 424 479 455 492 416 442 450
411 1439 449 450 462 479 489
412 1599 500 496 470 430 413 450 427 489
413 2400 480 468 422 432 442 485 491 444
414 2308 459 457 421 418 493 424 458 492 439 434
415 629 425 476 450 453 475 473 459 477 426 419 428 499
416 1700 488 420 462 459 497 437 486
417 846 429 440 469 424 470 451
418 2174 470 447 476 424 442 461 452 435 445
419 1519 494 497 444 471
420 1961 472 475 490 432 429 474 441
421 2002 439 422 498 485 449
422 548 473 471 493 439 461 488 430 489
423 995 496 431 476 445 473 450 485 448 484
424 2179 456 441 468 444 434 486
425 1408 493 482 437 489 447 494 487
426 918 442 441 446 473 484 490 461 474 493 437
427 2352 491 482 434 428 446 483 457 477
428 969 445 474 451 458 441 471 448 463 496
429 2465 483 475 441 452 433 492 461 484 456 485 481 453
430 2011 498 486 496 480 446
431 2437 468 452 437 439 449 483 432 494
432 2163 463 494 488 457 478
433 2399 478 473 483 489 458 486 460 441
434 2315 461 485 491 459 453 482 490 442
435 937 500 449 439 495 487 443 484 494
436 1308 456 463 500
437 1959 464 442 483 445
438 2413 441 457 474 450 453 471 483
439 1892 497 474 466 498 483 461 485 441 470
440 2240 489 464 465 475 492 463 442
441 2409 497 452 496 500 456 472 444
442 830 453 499 477
443 895 490 496 481 498 480 486 494 497 483
444 1865 455 446 487 485 494 456
445 2195 460 473
446 1024 450 457 494
447 622 461 455 465 484 489 474
448 540 452 449 481 496 488
449 697 486 487 452 478 498
450 1198 494 466 476 491 482
451 2001 484 499 492 453
452 1756 466 484 492 490 464 459 500 461 485 479 456
453 1246 462 478 472 483 466
454 2054 494 482 463 469 488
455 1434 476
456 2154 466 494 484 499 485 472 463 459
457 2029 491 480 481 478 500
458 1285 486 460
459 2180 483 468 478 462
460 1994 467 479 466
461 796 484 472 477
462 2116 489 463 492 488 477
463 1213 485
464 2252 468 484 480 482
465 1488 474 496 495
466 1207 468 490
467 1060 469 473
468 946 478 481 494
469 1119 477
470 2452 490
471 2243 497 491 483
472 584 495 478
473 2339 488 479 482 477
474 637 492 478 482 476
475 1950 496
476 2033 482 485 477 499
477 718 496 491 478 500
478 1629 500 498 485
479 1630 497 495 481
480 915 499
481 2327 493
482 1131 486
483 2172 485
484 1072 495
485 2242 487
486 662 492 496 498 487 499
487 2284 500 488
488 1770 498
489 1448 491 498
490 1963 500 493
491 820 495
492 1301
493 1136
494 1533 499 496
495 1052
496 1681
497 2240
498 1169
499 1684
500 2416
