120 1000
1 398 102 46 109 8 4 72 44 83 53 116 94 87 37 41 36 62 101 67 2 61 85 47 32 112 92 49 60 7 31 95 22 50 63 82 117 51 99 56 26 57 115 59 84 43 21 90 118 96 39 27 105 88 114 71 98 6 48 25 16 75 28 20 12 70 120 113 80 19 54 65 86 40 5 64 104 66 13 18 100 74
2 286 23 87 73 85 49 111 14 117 4 45 16 17 81 15 75 105 109 90 119 47 113 120 52 43 12 61 68 40 79 63 48 60 3 78 39 65 53 28 74 118 98 55 83 80 50 76 6 9 44 101 37 46 7 42 67 106 84 11 30 88 41 21 89 24 8 26 107 20 77 92 96 32 70 95 35 66 91 97 10 58
3 316 35 97 65 57 27 23 92 80 104 110 40 78 59 55 112 101 42 49 68 102 8 106 63 30 108 26 12 39 118 67 48 36 77 37 28 29 111 81 17 4 44 45 88 46 84 51 18 82 32 15 19 71 117 75 33 38 79 95 72 120 116 86 74 98 100 25 103 9 107 83 115 113 76 56
4 258 60 35 78 91 93 97 90 46 76 13 101 94 15 43 72 19 89 39 83 6 70 42 57 49 75 33 68 62 67 106 73 16 71 102 120 24 100 23 45 48 86 37 113 32 105 69 95 28 29 31 63 47 85 44 80 74 104 36 56 34 12 51 107 21 20 115 119 17 11 98 79 117 5 41 110 53 111 52 66 109 108 18
5 368 75 62 102 31 12 69 80 100 85 22 87 86 10 103 40 20 82 30 119 95 45 35 59 32 53 88 111 13 91 93 18 63 36 7 11 113 74 43 73 60 105 99 116 42 39 70 112 77 97 6 79 41 81 34 33 55 14 67 72 54 107 56 89 117 78 19 38 47 29 64 104 68 49 96 76 84
6 374 38 83 78 51 59 43 75 79 105 93 23 7 107 115 61 22 28 35 77 25 53 27 89 16 68 31 11 113 19 95 73 96 64 21 82 50 52 99 41 45 101 30 46 39 62 110 100 84 33 98 80 9 111 67 85 117 34 55 112 71 86 15 66 120 20 118 88 70 12 57 26 49 76 37 54 8 40 36 10 108 13 106 103 56
7 421 62 51 19 86 79 89 91 50 87 18 93 105 54 34 95 29 74 103 65 117 21 61 63 88 25 109 94 71 16 39 78 111 24 15 53 38 46 64 20 96 26 102 8 42 107 9 11 120 43 31 58 116 75 59 67 81 14 118 37 90 84 13 114 10 27 72 76 108 49 77 92 101 55 57 47 17 56 22 66 44 106 32 35 113 83
8 275 93 41 21 63 114 19 81 77 32 28 95 91 115 43 45 13 98 37 25 79 29 80 106 15 99 48 27 113 46 117 74 112 22 69 96 54 12 40 68 78 88 51 17 38 11 56 58 75 59 120 64 102 67 36 76 18 42 119 50 85 61 24 90 60 34 39 92 107 109 49 57 31 33 52 105 14 108 94 9 71
9 304 29 93 76 61 86 65 26 21 67 85 118 92 102 66 33 35 100 97 17 55 78 49 90 58 81 64 14 101 59 89 105 119 57 37 47 45 42 18 95 108 40 46 31 116 88 77 44 106 87 96 107 51 120 50 98 15 83 52 70 72 43 56 75 25 32 39 74 73 99 63 38 11 36 53 84 19 114 112
10 439 67 77 39 92 110 87 120 46 84 109 49 13 17 80 98 56 86 28 79 97 73 114 33 91 112 117 42 78 108 101 53 118 93 96 60 89 24 38 104 18 11 36 41 48 40 85 52 71 95 106 116 32 65 20 58 16 72 111 74 37 81 30 76 105 113 100 83 103 59 44 23 69 50 27 43 75 21
11 299 111 118 102 69 39 81 60 18 66 93 110 29 108 59 33 75 27 79 50 68 38 119 84 98 35 12 31 113 82 37 52 65 14 45 101 109 36 56 94 100 13 106 32 73 85 80 112 87 71 28 22 20 41 40 115 26 74 117 58 47 77 78 92 89 114 30 103 34 72 99 116 16 104 88 70 53 107 120
12 262 24 49 14 53 51 78 30 68 97 55 69 89 91 67 100 94 66 25 43 76 60 109 102 57 99 86 85 17 93 83 96 103 75 73 23 29 65 108 18 111 42 112 26 61 79 45 104 21 118 114 92 22 41 19 35 77 28 74 39 105 116 84 106 27 47 71 98 33 48 46 13 90 63 32 115 50 117 120 16
13 321 104 95 99 65 35 101 81 34 97 89 73 90 92 112 68 86 17 40 113 14 33 46 117 55 45 32 48 106 82 52 78 59 51 93 75 31 19 36 24 120 103 22 21 25 61 58 102 72 20 53 115 79 69 64 83 62 67 27 84 88 56 80 49 29 76 70 39 30 108 71 110 107 74 26 96 42 54 43 77 50 118 41 91
14 288 71 109 114 77 104 39 102 68 93 76 59 65 81 44 19 33 88 100 30 69 95 36 92 70 45 61 50 28 112 35 26 116 60 118 98 117 52 54 43 41 80 20 38 40 91 23 18 78 79 58 56 27 119 85 73 53 108 89 24 75 15 62 107 48 57 37 84 67 94 64 63 51 25 55 110 113
15 391 29 109 88 20 95 100 79 119 73 103 34 48 86 32 18 21 92 98 35 55 45 33 27 43 75 38 120 62 90 81 37 30 101 106 59 50 74 16 85 111 105 102 83 44 22 61 42 115 72 41 67 114 28 91 65 104 77 112 76 108 110 84 113 26 64 57 49 46 117 60 19 69 40 89 51 94 25 63 78 39
16 252 76 65 31 21 58 91 48 103 52 66 117 87 110 84 85 20 26 83 77 24 43 71 51 63 39 107 79 115 22 27 54 111 55 53 72 17 59 109 68 96 82 98 18 116 30 25 100 120 112 62 35 90 75 92 28 37 97 41 69 74 95 42
17 394 60 19 42 32 30 110 79 112 55 93 43 94 87 65 49 28 80 119 83 78 105 35 99 50 48 89 109 104 52 39 85 88 107 64 63 31 76 114 115 44 46 54 56 62 27 117 73 86 53 92 57 103 22 67 102 37 59 101 111 120 72 26 71 100 33 29 25 108 113 58 51 97 68
18 354 115 42 26 102 91 29 84 48 72 32 61 77 100 86 64 59 56 119 49 38 81 19 94 28 113 93 95 41 60 27 33 114 53 66 46 98 108 111 23 55 54 40 92 117 110 62 109 68 50 96 97 118 75 103 101 104 116 39 73 83 106 79 51 24 25 74 45 44 71 76 52 43 99 85 89
19 395 84 99 55 63 109 51 111 95 82 103 57 96 114 24 118 71 79 22 59 33 61 69 53 101 115 106 26 85 68 43 44 89 58 64 76 77 21 86 65 48 90 98 42 110 94 120 50 87 25 104 91 45 52 73 100 62 92 83 39 32 116 60 74 41 80 78 36 29 27 102 93 97 30
20 269 61 72 42 93 112 47 57 86 30 70 94 87 91 56 34 54 49 55 33 114 28 27 38 113 64 59 62 74 71 120 103 97 104 58 107 85 73 76 101 88 68 37 67 100 117 98 63 39 23 40 51 21 102 82 24 25 92 41 115 95 46 106 110 119 79
21 336 34 29 25 111 47 24 87 37 23 73 100 63 118 116 49 83 48 110 88 105 51 40 72 61 80 38 92 58 70 60 33 69 120 28 81 78 79 94 97 74 102 82 35 104 112 96 114 43 22 101 77 54 71 46 86 30 103 84 67 76 59 26 65 85 95 32 31 62 109 66
22 328 82 81 111 43 59 83 99 88 91 97 55 89 34 49 31 77 41 117 51 69 87 57 54 112 74 40 106 70 107 42 103 104 100 84 93 92 44 71 30 90 63 33 64 96 95 75 53 98 45 80 25 27 105 86 78 114 101 23 72 60 108 35 120 26 102 56 39 119
23 303 54 43 32 46 48 95 86 80 87 68 33 98 45 53 63 78 111 115 73 120 107 91 36 44 34 64 37 50 41 70 49 66 94 59 90 25 69 92 114 116 40 55 110 51 42 24 104 106 97 79 100 89 35 101 47 57 31 62 99 38 29 74 28 67 119 84 71 58 52 75 112 93
24 369 56 44 32 91 94 104 55 116 111 57 70 49 48 41 84 25 118 103 87 81 47 120 62 61 85 79 28 80 119 34 71 27 102 50 95 98 36 115 26 53 69 54 108 58 45 43 30 65 73 109 38 88 86 74 105 39 90 113 83 92 107 29 97 51 77 72 33 46
25 341 86 46 36 30 57 39 51 85 103 114 84 33 58 37 97 89 42 95 59 117 50 82 93 64 63 52 34 92 98 120 73 55 105 100 70 78 66 32 41 119 27 77 106 107 83 74 101 62 81 26 72 69 53 79 71 94 112 54 115 91 47 108 65 45 60 113 29 87
26 258 29 119 114 78 32 41 59 49 117 77 82 108 47 36 107 96 90 48 53 75 71 103 54 74 30 31 60 51 69 87 27 104 89 92 44 81 52 80 102 113 63 98 120 62 38 97 43 86 79 88 45 93 72 116 58 64 115 99 61 37 68 55 95 112 42 111 34 40 65 56 101 35 33
27 401 106 28 93 33 95 64 103 43 45 48 34 62 83 104 47 60 50 39 119 67 88 37 89 49 31 57 114 35 44 99 54 94 110 40 69 65 117 113 101 97 46 118 41 58 66 109 61 111 72 30 78 82 96 73 90 55 116 74 63 51 42 29 85 36 84 70 98 53 87 75 71 86
28 439 62 49 59 114 44 48 109 91 71 75 116 34 85 78 83 64 111 82 117 118 106 38 89 112 113 105 42 53 86 103 51 67 110 55 80 73 47 63 56 115 97 39 43 57 74 108 45 120 32 58 87 37 99 119 95
29 281 106 76 31 87 44 50 68 40 100 36 79 99 49 54 52 113 73 107 56 66 83 75 51 119 98 65 45 70 101 38 62 60 61 59 104 41 74 115 114 82 97 46 103 93 116 94 80 108 42 95 71 55 109 72 48 96 110 102 89 86
30 280 91 42 89 107 74 119 43 116 85 96 105 120 79 63 73 78 104 92 52 102 65 38 44 40 50 39 111 90 101 51 100 61 106 36 45 115 72 97 37 49 35 67 77 53 47 70 108 76 112 34 109 81 68 82 83 56 55 87 118 75 114 41 46 95 66 60 57 94 54 117
31 413 77 112 104 99 58 94 87 69 32 53 113 73 84 63 107 95 108 92 119 46 106 100 66 98 48 68 81 86 39 105 82 45 38 33 59 44 91 79 50 109 117 90 57 89 51 72 49 120 116 102 103 110 118 88 96 35 70 34 40 62 67 36
32 327 71 85 93 86 43 57 94 49 70 64 76 44 79 117 115 119 67 37 78 116 106 109 90 72 62 80 101 50 73 74 99 53 98 42 47 69 87 104 102 89 84 100 68 112 54 41 33 65 97 34 110 56 45 66 39 83
33 260 102 100 79 118 89 67 106 94 103 44 39 87 43 80 101 64 97 81 77 88 41 36 59 76 117 83 34 51 65 114 92 55 99 82 109 68 98 58 85 60 113 112 107 40 71 50 105 75 72 108 49 38 86 110 66 96 61 74 91 62 42 95
34 344 82 89 78 75 115 74 96 38 114 40 58 64 77 45 112 120 68 103 80 104 42 41 83 116 35 36 66 99 94 117 81 110 44 46 57 101 65 39 47 61 86 76 60 100 109 119 107 93 72 59 105 55 102 90 106 73 43 97 113 84 67
35 403 62 46 108 41 47 100 68 72 105 118 59 93 64 117 42 113 69 71 57 79 119 65 110 107 52 49 101 74 80 37 63 77 67 103 114 50 66 45 90 82 78 86 48 88 44 109 83 94 70 104 89 73 39 111 53 51 85 106 102 40 58 36 112
36 253 76 83 90 65 70 69 57 72 44 38 103 68 60 91 89 54 47 96 59 114 109 46 56 99 43 118 92 86 88 40 79 112 58 55 71 51 110 66 67 37 113 64 52 63 116 39 102 62 95 111 61 48 106 104 74 49 94 93 82 120 101 42
37 271 112 62 114 41 113 42 81 67 119 71 104 109 120 78 102 94 55 105 56 68 72 85 84 57 110 69 58 99 75 118 66 39 89 98 48 64 40 51 44 65 43 52 73 70 59 61 63 54 87 96 53 60 93 38 91 82 107 88 76 111 108 86 74
38 286 61 80 102 99 62 59 84 113 54 97 118 63 71 93 43 117 56 110 64 46 53 73 44 52 66 89 60 65 75 86 88 70 77 100 101 119 92 108 116 50 40 95 90 103 96 111 112 51 74 48 45 57 47 49 42 55 41 82
39 443 56 76 54 99 89 118 73 85 87 88 90 82 98 74 70 86 77 84 55 116 113 59 112 57 115 92 53 111 66 65 119 96 102 104 120 49 100 60 91 94 64 47 79 61 108 114 67 43 107 78
40 415 58 99 53 54 63 79 101 109 46 81 64 83 113 108 115 94 69 75 52 76 65 103 43 70 119 78 95 41 100 45 49 51 82 107 60 88 97 66 116 48 71 57 77 80 73 59 84 87 105 86 91 117 104 47 93 68
41 325 93 45 113 86 115 96 67 98 77 42 92 68 85 80 110 75 65 95 100 53 59 48 83 102 55 79 71 66 81 118 72 120 52 90 103 88 74 106 47 94 69 117 61 116 112 64 56 119 101 109 43 78 87 50 70 73
42 260 85 115 78 111 107 77 83 79 118 59 66 62 91 47 65 94 60 109 98 112 96 82 116 95 73 44 119 88 89 57 100 52 70 120 105 90 63 87 71 104 61 101 54 64 92 93 48 55 72 68 67 117 51 114 75 69 56
43 363 89 82 71 44 52 66 107 109 85 62 49 81 91 46 120 48 111 104 47 93 54 73 115 61 64 106 102 118 72 92 76 119 112 101 68 114 56 100 84 74 45 53 57 75 103 88 94 63 90 96 113 65 78 58
44 251 82 104 77 105 78 79 48 81 114 58 80 94 47 71 96 50 61 76 102 116 72 45 84 119 120 69 89 100 53 98 52 91 110 101 66 65 83 85 75 49 86 113 97 46 57 106 59 115 68 70 111 93 99 95 64 67 54 73 103
45 386 106 82 73 53 81 49 88 85 66 65 118 72 107 116 102 101 60 112 110 56 117 76 97 91 63 90 71 83 109 87 80 92 58 75 103 93 115 108 47 78 67 105 111 57 61 113 100 59 114 98 62 119 74 104 51
46 257 73 113 105 110 83 50 96 114 109 72 47 93 107 116 101 48 77 91 100 56 54 120 82 95 63 94 111 112 66 59 80 115 58 49 92 98 53 78 118 87 90 117 74 104 75 70 51 55 69 61 99 119 103 89 79 85 106
47 489 71 82 99 85 100 86 87 53 109 114 115 110 120 75 80 74 58 102 57 79 84 89 92 64 67 69 95 108 91 113 103 83 63 55 65 96 50 49 77 93 54 98 101 106 51 68 59 94 117 107 104
48 254 107 110 120 99 93 60 50 66 61 63 94 52 84 80 75 69 104 95 54 98 83 55 49 103 87 105 53 82 88 100 85 72 102 71 111 78 92 91 67 65 59 58 68 86 114 79 96 51 112 115 117
49 255 59 61 72 117 102 116 65 67 84 115 82 112 120 106 50 98 51 110 89 77 81 52 119 95 109 79 113 80 103 53 68 55 57 73 99 54 91 107 69 101 78 93 100 71 76 70 108
50 360 120 109 119 51 118 96 53 76 56 71 111 84 59 113 58 63 74 54 69 78 106 83 64 55 93 85 91 86 94 72 81 99 57 92 79 115 68 82 65 90 77 104 61 98 105 67 117 95 80 110 75
51 385 85 110 99 96 116 94 107 93 105 87 120 106 78 108 97 91 119 70 75 64 115 58 74 101 118 59 63 117 111 60 66 65 68 61 56 80 83 72 55 112 62 77 71 89 81 88 54 67 92 79 52 113 103
52 269 79 62 116 119 76 72 115 118 113 97 55 63 61 68 107 77 66 53 99 67 90 92 91 71 94 86 81 82 57 109 83 84 108 96 110 56 78 64 73
53 354 61 76 104 111 112 96 106 108 63 75 69 70 79 68 78 102 100 54 95 56 60 71 99 77 81 66 110 84 89 117 109 105 59 107 67 93 120 91 101 58 62 86 98 118
54 377 97 115 56 106 68 113 101 64 119 114 95 110 73 103 74 70 104 96 71 78 107 65 76 82 80 69 89 85 57 120 67 63 105 100 55 118 87 75 60 109 62 116 98 66 77
55 387 85 84 113 75 88 82 87 102 105 101 61 98 96 60 111 59 108 95 112 93 79 97 66 57 91 77 119 100 114 64 92 78 74 67 109 58 117 76 70 68 89 94 71 110 63 62 116 73
56 341 109 59 84 97 66 100 107 61 88 104 73 108 91 71 116 103 101 90 74 83 95 76 75 115 96 99 114 77 94 87 93 102 62 112 58 60 72 82 65 63 117 118 105
57 272 89 114 69 94 101 90 85 62 102 91 72 65 109 64 82 79 74 92 104 70 108 117 97 80 68 66 83 88 96 100 77 110 58 67 76 113 95 112 86 116
58 282 119 116 103 59 66 106 65 70 102 84 81 64 82 105 68 100 93 89 104 60 97 118 114 78 108 61 88 96 109 91 111 62 107 117 74 85 112 79 69 83 86 95 77
59 263 110 105 71 95 65 76 69 119 77 84 103 118 85 112 91 115 114 87 97 111 100 108 64 89 94 75 66 88 70 67 107 102 104 92 74 73 79 113 98 83 82 86 62 72 81
60 455 117 94 65 105 80 114 120 88 85 90 61 67 101 112 102 76 75 77 92 118 107 63 66 116 103 99 68 100 119 87 89 95 111 104 91 79 78 97 73 84 64 115
61 352 104 65 85 88 101 72 63 118 69 68 93 117 82 95 62 64 74 79 97 105 110 113 89 84 71 73 111 67 90 109 99 75 81 103 86 114 78 66 92 106 108 100 91
62 314 76 64 94 97 91 73 110 92 75 98 101 113 118 83 78 103 85 87 67 112 74 88 72 107 120 63 89 90 79 65 96 77 66 105 104 108 111 82
63 334 110 92 98 72 68 111 120 81 113 95 83 115 64 118 116 82 89 101 71 90 96 102 104 112 119 108 97 77 67 87 93 114 69
64 386 74 100 78 89 72 92 68 75 66 91 85 88 96 115 77 107 102 104 118 71 103 113 119 109 101 67 73 112 111 120 93 82 83 86 79 90
65 281 71 106 101 105 76 77 119 87 103 92 66 109 107 86 97 75 120 102 112 115 91 85 93 89 78 88 117 110 90 83 82 68 111 67 94 104 80 74 69 72
66 333 82 85 104 107 102 87 67 101 75 99 117 92 106 74 120 90 80 93 98 110 76 71 97 91 115 95 118 114 78 94 109 77 105 69 79 84 83
67 272 119 106 100 105 71 73 70 86 74 76 81 98 102 69 77 112 75 101 103 92 94 87 88 72 108 117 113 80 68 115 83 79 110 99 111
68 256 73 120 87 118 109 77 89 81 79 78 99 101 119 83 70 95 84 71 93 113 103 97 82 117 102 91 80 115 105 107 75 86 94 69 72 88
69 472 116 91 71 110 103 89 78 75 97 95 82 72 94 115 77 76 93 79 83 120 119 118 85 107 84 87 101 80 100 92 108 81 102 106 114 105
70 275 104 89 79 93 97 117 115 101 120 71 116 92 111 96 99 74 72 87 75 95 103 77 118 78 84 108 107 113 90 114 119
71 475 81 85 79 104 91 75 119 111 95 74 115 100 88 89 107 73 117 110 96 120 76 103 118 93 113 102 72 77 116 106 105 94 99 82 78 101 98 86 92 109 80
72 250 111 107 104 102 101 79 80 94 93 118 119 96 106 87 110 83 105 99 90 98 89 117 116 82 120 74 91 88 100 114 113 81 85 109 77
73 295 101 82 95 98 93 104 75 76 85 114 109 118 77 81 119 86 110 83 80 112 79 120 117 105 103 87 89 100 116 92 84 91 99 107
74 253 86 114 75 112 98 117 89 111 88 116 108 101 85 95 97 119 81 109 83 93 94 100 120 110 77 99 96 92 105 113 102 118 107 79
75 452 87 89 88 77 105 118 76 82 112 93 90 109 104 85 101 106 79 81 94 111 102 83 114 91 115 117 107 103 95 86 116
76 250 96 114 111 108 78 118 91 84 112 97 102 93 119 92 117 88 101 77 81 98 86 89 120 106 100 113 82 87 109 83
77 323 83 100 89 94 109 93 120 114 102 91 118 95 119 113 92 106 97 101 108 86 90 78 110 112 98 115 87 79 82
78 427 98 118 120 109 83 95 94 100 107 79 110 89 82 91 85 102 96 114 84 112 99 119 90 117 87 108 93 86 115
79 441 99 103 82 109 87 112 100 97 83 105 81 118 88 98 104 86 115 91 89 108 114 117 116 90 96 85 92 80 107
80 289 82 111 110 81 105 90 88 107 112 89 98 93 118 108 117 96 104 102 100 86 97 114 84 113 115 83 109 101 119
81 270 117 119 103 99 93 106 87 104 84 100 111 91 113 101 118 95 108 105 109 82 98 96 115
82 303 93 116 103 114 98 87 108 100 110 99 94 113 119 101 89 105 104 91 102 88 90 84 95 83 85 97
83 370 88 105 107 90 120 101 118 119 117 91 84 112 92 109 102 85 100 86 116 89 87 99 110 103 114 115 95
84 327 88 86 103 107 90 113 114 118 120 109 98 119 101 89 99 102 87 116 92 110 105 111 115 85 97 100 106
85 292 87 110 102 109 97 103 111 106 92 108 98 93 118 96 120 86 99 101 117 116 113 112 107
86 435 100 93 111 104 105 116 98 118 115 101 99 109 107 92 114 119 113 97 106 91 96
87 273 119 105 116 97 100 91 115 103 109 90 110 118 111 94 101 95 89 106 93 98 112
88 254 97 108 94 98 111 99 91 109 115 92 117 90 96 95 89 101 110 114 107 113
89 358 99 104 109 107 91 92 93 113 108 98 114 105 96 102 106 94
90 388 99 110 100 115 93 105 111 108 116 107 98 101 118 109 96 95 92 102 117 104 91 120 114
91 301 115 94 107 112 110 109 96 97 102 99 118 119 104 103 114 92 117
92 310 119 95 114 118 112 94 106 120 110 115 101 98 97 108 93 117 104
93 389 115 103 105 117 110 94 111 112 114 116 109 98 99 97 95 120 100 108
94 408 109 112 97 96 108 107 101 102 99 119 95 111 104 113 118 117
95 282 115 103 102 105 116 104 118 111 112 108 120 113 106 96 101 98 119 99 97 100
96 310 120 114 113 110 112 102 105 98 111 106 115 109 107 100 118 117
97 397 103 116 99 106 113 112 102 114 108 117 115 107 118 119 101 98 111 105
98 337 101 112 104 99 116 109 106 115 105 110 118 114 120 111 119 108
99 266 107 104 114 118 106 109 100 105 108 113 101 119 116 115
100 261 101 111 115 104 114 112 102 119 109 116 110 106 105 120 117 108
101 392 111 115 104 109 119 116 117 107 106 113 102 110 103
102 347 106 103 105 117 104 118 108 116 107 112 119 113 111 120 110
103 302 119 113 106 115 112 105 110 116 107 117 120 104
104 315 112 108 107 106 120 111 118 110
105 383 119 118 109 106 112 117 115 113 120 107 114 111
106 467 115 114 119 112 118 120 107 116
107 273 109 114 119 111 110 112 120 116 108 117
108 260 120 110 111 119 112 118 117 114
109 320 115 116 112 120 119 117 114 111 113
110 358 115 116 117 120 118 114 113
111 322 113 114 120 115 116
112 283 117 113 119 114 115
113 329 119 118 115
114 388 115 117 116 118
115 273 118 119 117
116 402 118
117 325 120 118 119
118 479 120
119 265 120
120 256
