249 1000
1 451 2 3 4 5 6 7 8 9 10 11 12 13 14 15 16 17 18 19 20 21 22 23 24 25 26 27 28 29 30 31 32 33 66 34 35 36 37 38 39 40 41 42 43 44 45 46 47 49 50 51 52 53 54 55 56 57 58 59 60 61 63 64 65 130 131 67 68 69 70 71 72 73 74 76 77 78 79 80 81 82 83 84 85 86 87 88 89 90 91 92 93 94 95 96 97 98 99 100 101 102 103 104 105 106 107 108 109 110 111 112 113 114 115 116 117 118 119 120 121 122 123 124 125 126 127 128 129 132 133 134 135 136 137 138 140 141 142 143 144 145 146 147 148 149 150 151 152 153 155 156 157 158 159 160 161 162 163 164 165 166 167 168 169 170 171 172 173 174 175 176 177 178 179 180 181 182 183 184 185 186 187 188 189 190 192 193 194 195 196 198 199 200 201 202 203 204 205 206 207 208 209 210 211 212 213 214 215 216 217 218 219 220 221 222 223 224 225 226 227 228 229 230 231 232 233 234 235 236 237 238 239 240 241 242 243 244 245 246 247 249
2 267 4 5 7 16 17 19 22 23 24 25 27 29 31 32 33 34 38 39 42 43 54 55 56 58 60 61 63 64 65 130 131 68 72 74 76 79 80 81 83 84 85 86 89 90 91 92 93 94 96 97 103 104 105 109 113 115 116 117 120 121 123 127 128 129 137 138 142 144 145 147 151 155 160 164 165 167 170 172 175 176 177 178 179 181 183 187 190 192 194 195 198 200 204 205 207 208 212 214 215 216 217 218 224 225 230 231 232 233 234 236 240 241 243 244 245 247 249
3 282 4 5 7 17 19 23 24 25 27 29 31 32 33 34 38 39 42 43 54 55 56 58 60 61 63 64 65 130 131 68 72 74 79 80 81 83 84 85 86 89 90 91 92 93 94 96 97 103 104 105 109 113 115 116 117 120 121 127 128 129 137 138 142 144 145 147 151 160 164 165 167 170 172 176 178 179 181 187 190 192 194 195 198 200 204 205 207 208 212 214 215 216 217 218 224 225 230 231 232 233 234 240 241 243 244 245 247
4 438 5 6 7 8 9 10 11 12 13 14 15 16 17 18 19 20 21 22 23 24 25 26 27 28 29 30 31 32 33 66 34 35 36 37 38 39 40 41 42 43 44 45 46 47 48 49 50 51 52 53 54 55 56 57 58 59 60 61 62 63 64 65 130 131 67 68 69 70 71 72 73 74 75 76 77 78 79 80 81 82 83 84 85 86 87 88 89 90 91 92 93 94 95 96 97 98 99 100 101 102 103 104 105 106 107 108 109 110 111 112 113 114 115 116 117 118 119 120 121 122 123 124 125 126 127 128 129 132 133 134 135 136 137 138 139 140 141 142 143 144 145 146 147 148 149 150 151 152 153 154 155 156 157 158 159 160 161 162 163 164 165 166 167 168 169 170 171 172 173 174 175 176 177 178 179 180 181 182 183 184 185 186 187 188 189 190 191 192 193 194 195 196 197 198 199 200 201 202 203 204 205 206 207 208 209 210 211 212 213 214 215 216 217 218 219 220 221 222 223 224 225 226 227 228 229 230 231 232 233 234 235 236 237 238 239 240 241 242 243 244 245 246 247 248 249
5 275 6 7 8 9 10 11 12 13 14 15 16 17 18 19 20 21 22 23 24 25 26 27 28 29 30 31 32 33 66 34 35 36 37 38 39 40 41 42 43 44 45 46 47 48 49 50 51 52 53 54 55 56 57 58 59 60 61 62 63 64 65 130 131 67 68 69 70 71 72 73 74 75 76 77 78 79 80 81 82 83 84 85 86 87 88 89 90 91 92 93 94 95 96 97 98 99 100 101 102 103 104 105 106 107 108 109 110 111 112 113 114 115 116 117 118 119 120 121 122 123 124 125 126 127 128 129 132 133 134 135 136 137 138 139 140 141 142 143 144 145 146 147 148 149 150 151 152 153 154 155 156 157 158 159 160 161 162 163 164 165 166 167 168 169 170 171 172 173 174 175 176 177 178 179 180 181 182 183 184 185 186 187 188 189 190 191 192 193 194 195 196 197 198 199 200 201 202 203 204 205 206 207 208 209 210 211 212 213 214 215 216 217 218 219 220 221 222 223 224 225 226 227 228 229 230 231 232 233 234 235 236 237 238 239 240 241 242 243 244 245 246 247 248 249
6 287 7 12 16 17 19 20 22 23 24 25 27 28 29 31 32 33 34 36 37 38 39 42 43 54 55 56 58 60 61 63 64 65 130 131 67 68 69 72 74 76 79 80 81 82 83 84 85 86 89 90 91 92 93 94 96 97 103 104 105 107 109 113 115 116 117 119 120 121 122 123 127 128 129 133 135 137 138 141 142 144 145 146 147 149 151 153 155 159 160 164 165 166 167 169 170 172 174 175 176 177 178 179 180 181 183 187 190 192 194 195 196 198 200 203 204 205 207 208 209 212 214 215 216 217 218 224 225 230 231 232 233 234 236 237 240 241 243 244 245 247 249
7 397 8 10 11 12 13 15 16 17 18 19 20 22 23 24 25 26 27 28 29 31 32 33 66 34 35 36 37 38 39 40 41 42 43 44 47 49 50 51 53 54 55 56 58 60 61 63 64 65 130 131 67 68 69 70 71 72 74 76 79 80 81 82 83 84 85 86 87 88 89 90 91 92 93 94 95 96 97 98 99 100 101 102 103 104 105 106 107 108 109 111 112 113 114 115 116 117 119 120 121 122 123 124 125 127 128 129 133 134 135 136 137 138 141 142 143 144 145 146 147 149 150 151 153 155 158 159 160 162 163 164 165 166 167 168 169 170 172 173 174 175 176 177 178 179 180 181 182 183 184 185 187 188 189 190 192 194 195 196 198 199 200 201 202 203 204 205 206 207 208 209 210 212 213 214 215 216 217 218 219 220 222 224 225 226 227 229 230 231 232 233 234 235 236 237 238 240 241 242 243 244 245 247 249
8 274 17 23 24 25 27 31 32 33 34 38 39 42 43 54 55 56 58 60 61 63 65 130 131 72 74 80 81 83 84 85 86 89 90 92 93 94 96 97 103 104 105 109 113 115 116 117 120 121 127 128 129 137 138 144 145 147 151 160 164 165 167 170 178 181 187 190 195 198 200 204 205 208 214 215 216 217 218 224 225 230 231 233 234 240 241 243 245 247
9 329 17 23 24 25 31 38 39 43 54 56 58 60 61 63 65 130 131 74 81 83 86 90 93 94 97 103 104 113 115 116 120 127 128 129 137 138 144 147 151 167 178 181 195 198 200 205 208 214 218 224 225 230 231 234 240 243 247
10 362 17 23 24 25 31 32 33 34 38 39 42 43 54 55 56 58 60 61 63 65 130 131 72 74 80 81 83 86 89 90 92 93 94 96 97 103 104 105 109 113 115 116 117 120 121 127 128 129 137 138 144 145 147 151 160 164 165 167 170 178 181 187 190 195 198 200 204 205 208 214 215 216 217 218 224 225 230 231 233 234 240 241 243 245 247
11 303 16 17 19 23 24 25 27 29 31 32 33 34 38 39 42 43 54 55 56 58 60 61 63 64 65 130 131 68 72 74 76 79 80 81 83 84 85 86 89 90 91 92 93 94 96 97 103 104 105 109 113 115 116 117 120 121 123 127 128 129 137 138 142 144 145 147 151 155 160 164 165 167 170 172 175 176 178 179 181 183 187 190 192 194 195 198 200 204 205 207 208 212 214 215 216 217 218 224 225 230 231 232 233 234 236 240 241 243 244 245 247 249
12 335 15 16 17 19 20 22 23 24 25 27 28 29 31 32 33 66 34 36 37 38 39 41 42 43 54 55 56 58 60 61 63 64 65 130 131 67 68 69 70 72 74 76 79 80 81 82 83 84 85 86 89 90 91 92 93 94 96 97 103 104 105 107 108 109 112 113 115 116 117 119 120 121 122 123 124 127 128 129 133 135 137 138 141 142 143 144 145 146 147 149 151 153 155 159 160 163 164 165 166 167 169 170 172 173 174 175 176 177 178 179 180 181 182 183 184 187 190 192 194 195 196 198 199 200 202 203 204 205 206 207 208 209 212 214 215 216 217 218 224 225 230 231 232 233 234 235 236 237 238 240 241 243 244 245 247 249
13 491 17 19 23 24 25 27 31 32 33 34 38 39 42 43 54 55 56 58 60 61 63 65 130 131 72 74 80 81 83 84 85 86 89 90 91 92 93 94 96 97 103 104 105 109 113 115 116 117 120 121 127 128 129 137 138 144 145 147 151 160 164 165 167 170 172 178 181 187 190 195 198 200 204 205 207 208 212 214 215 216 217 218 224 225 230 231 232 233 234 240 241 243 244 245 247
14 251 17 23 24 25 31 38 39 43 54 56 58 60 61 63 65 130 131 74 81 83 86 93 94 97 103 104 113 115 116 120 127 128 129 137 138 144 147 151 167 178 181 195 198 200 205 208 214 218 225 230 231 234 240 243 247
15 258 16 17 19 22 23 24 25 27 28 29 31 32 33 34 38 39 42 43 54 55 56 58 60 61 63 64 65 130 131 67 68 72 74 76 79 80 81 83 84 85 86 89 90 91 92 93 94 96 97 103 104 105 107 109 113 115 116 117 119 120 121 122 123 127 128 129 133 135 137 138 141 142 144 145 146 147 149 151 153 155 159 160 164 165 166 167 170 172 174 175 176 177 178 179 181 183 187 190 192 194 195 196 198 200 203 204 205 207 208 212 214 215 216 217 218 224 225 230 231 232 233 234 236 240 241 243 244 245 247 249
16 379 17 19 20 22 23 24 25 27 28 29 31 32 33 66 34 35 36 37 38 39 41 42 43 44 50 54 55 56 58 60 61 63 64 65 130 131 67 68 69 70 72 74 76 79 80 81 82 83 84 85 86 87 89 90 91 92 93 94 96 97 98 99 103 104 105 107 108 109 111 112 113 115 116 117 119 120 121 122 123 124 127 128 129 133 135 137 138 141 142 143 144 145 146 147 149 150 151 153 155 159 160 163 164 165 166 167 169 170 172 173 174 175 176 177 178 179 180 181 182 183 184 185 187 190 192 194 195 196 198 199 200 201 202 203 204 205 206 207 208 209 212 214 215 216 217 218 219 224 225 230 231 232 233 234 235 236 237 238 240 241 242 243 244 245 247 249
17 256 18 19 20 21 22 23 24 25 26 27 28 29 30 31 32 33 66 34 35 36 37 38 39 40 41 42 43 44 45 46 47 48 49 50 51 52 53 54 55 56 57 58 59 60 61 62 63 64 65 130 131 67 68 69 70 71 72 73 74 75 76 77 78 79 80 81 82 83 84 85 86 87 88 89 90 91 92 93 94 95 96 97 98 99 100 101 102 103 104 105 106 107 108 109 110 111 112 113 114 115 116 117 118 119 120 121 122 123 124 125 126 127 128 129 132 133 134 135 136 137 138 139 140 141 142 143 144 145 146 147 148 149 150 151 152 153 154 155 156 157 158 159 160 161 162 163 164 165 166 167 168 169 170 171 172 173 174 175 176 177 178 179 180 181 182 183 184 185 186 187 188 189 190 191 192 193 194 195 196 197 198 199 200 201 202 203 204 205 206 207 208 209 210 211 212 213 214 215 216 217 218 219 220 221 222 223 224 225 226 227 228 229 230 231 232 233 234 235 236 237 238 239 240 241 242 243 244 245 246 247 248 249
18 365 23 24 25 27 31 32 33 34 38 39 42 43 54 55 56 58 60 61 63 65 130 131 72 74 80 81 83 84 85 86 89 90 92 93 94 96 97 103 104 105 109 113 115 116 117 120 121 127 128 129 137 138 144 145 147 151 160 164 165 167 170 178 181 187 190 195 198 200 204 205 208 214 215 216 217 218 224 225 230 231 233 234 240 241 243 245 247
19 394 20 22 23 24 25 27 28 29 31 32 33 66 34 35 36 37 38 39 40 41 42 43 44 47 49 50 53 54 55 56 58 60 61 63 64 65 130 131 67 68 69 70 71 72 74 76 79 80 81 82 83 84 85 86 87 88 89 90 91 92 93 94 95 96 97 98 99 102 103 104 105 106 107 108 109 111 112 113 114 115 116 117 119 120 121 122 123 124 125 127 128 129 133 135 137 138 141 142 143 144 145 146 147 149 150 151 153 155 158 159 160 163 164 165 166 167 168 169 170 172 173 174 175 176 177 178 179 180 181 182 183 184 185 187 189 190 192 194 195 196 198 199 200 201 202 203 204 205 206 207 208 209 210 212 213 214 215 216 217 218 219 220 222 224 225 226 227 230 231 232 233 234 235 236 237 238 240 241 242 243 244 245 247 249
20 294 22 23 24 25 27 28 29 31 32 33 34 36 37 38 39 42 43 54 55 56 58 60 61 63 64 65 130 131 67 68 69 72 74 76 79 80 81 82 83 84 85 86 89 90 91 92 93 94 96 97 103 104 105 107 109 113 115 116 117 119 120 121 122 123 127 128 129 133 135 137 138 141 142 144 145 146 147 149 151 153 155 159 160 164 165 166 167 169 170 172 174 175 176 177 178 179 180 181 183 187 190 192 194 195 196 198 200 203 204 205 206 207 208 209 212 214 215 216 217 218 224 225 230 231 232 233 234 236 237 240 241 243 244 245 247 249
21 312 23 24 25 31 32 34 38 39 43 54 55 56 58 60 61 63 65 130 131 72 74 81 83 86 89 90 93 94 97 103 104 109 113 115 116 120 121 127 128 129 137 138 144 145 147 151 164 165 167 178 181 190 195 198 200 205 208 214 216 217 218 224 225 230 231 234 240 243 245 247
22 437 23 24 25 27 28 29 31 32 33 66 34 36 37 38 39 41 42 43 44 54 55 56 58 60 61 63 64 65 130 131 67 68 69 70 72 74 76 79 80 81 82 83 84 85 86 87 89 90 91 92 93 94 96 97 98 99 103 104 105 107 108 109 111 112 113 115 116 117 119 120 121 122 123 124 127 128 129 133 135 137 138 141 142 143 144 145 146 147 149 151 153 155 159 160 163 164 165 166 167 169 170 172 173 174 175 176 177 178 179 180 181 182 183 184 185 187 190 192 194 195 196 198 199 200 201 202 203 204 205 206 207 208 209 212 214 215 216 217 218 219 224 225 230 231 232 233 234 235 236 237 238 240 241 242 243 244 245 247 249
23 274 24 25 26 27 28 29 30 31 32 33 66 34 35 36 37 38 39 40 41 42 43 44 45 46 47 48 49 50 51 52 53 54 55 56 57 58 59 60 61 62 63 64 65 130 131 67 68 69 70 71 72 73 74 75 76 77 78 79 80 81 82 83 84 85 86 87 88 89 90 91 92 93 94 95 96 97 98 99 100 101 102 103 104 105 106 107 108 109 110 111 112 113 114 115 116 117 118 119 120 121 122 123 124 125 126 127 128 129 132 133 134 135 136 137 138 139 140 141 142 143 144 145 146 147 148 149 150 151 152 153 154 155 156 157 158 159 160 161 162 163 164 165 166 167 168 169 170 171 172 173 174 175 176 177 178 179 180 181 182 183 184 185 186 187 188 189 190 191 192 193 194 195 196 197 198 199 200 201 202 203 204 205 206 207 208 209 210 211 212 213 214 215 216 217 218 219 220 221 222 223 224 225 226 227 228 229 230 231 232 233 234 235 236 237 238 239 240 241 242 243 244 245 246 247 248 249
24 289 25 26 27 28 29 30 31 32 33 66 34 35 36 37 38 39 40 41 42 43 44 45 46 47 49 50 51 52 53 54 55 56 57 58 59 60 61 63 64 65 130 131 67 68 69 70 71 72 73 74 76 78 79 80 81 82 83 84 85 86 87 88 89 90 91 92 93 94 95 96 97 98 99 100 101 102 103 104 105 106 107 108 109 110 111 112 113 114 115 116 117 118 119 120 121 122 123 124 125 126 127 128 129 132 133 134 135 136 137 138 140 141 142 143 144 145 146 147 148 149 150 151 152 153 155 156 157 158 159 160 161 162 163 164 165 166 167 168 169 170 171 172 173 174 175 176 177 178 179 180 181 182 183 184 185 186 187 188 189 190 192 193 194 195 196 198 199 200 201 202 203 204 205 206 207 208 209 210 211 212 213 214 215 216 217 218 219 220 221 222 223 224 225 226 227 228 229 230 231 232 233 234 235 236 237 238 239 240 241 242 243 244 245 246 247 249
25 438 26 27 28 29 30 31 32 33 66 34 35 36 37 38 39 40 41 42 43 44 45 46 47 48 49 50 51 52 53 54 55 56 57 58 59 60 61 62 63 64 65 130 131 67 68 69 70 71 72 73 74 75 76 77 78 79 80 81 82 83 84 85 86 87 88 89 90 91 92 93 94 95 96 97 98 99 100 101 102 103 104 105 106 107 108 109 110 111 112 113 114 115 116 117 118 119 120 121 122 123 124 125 126 127 128 129 132 133 134 135 136 137 138 139 140 141 142 143 144 145 146 147 148 149 150 151 152 153 154 155 156 157 158 159 160 161 162 163 164 165 166 167 168 169 170 171 172 173 174 175 176 177 178 179 180 181 182 183 184 185 186 187 188 189 190 191 192 193 194 195 196 197 198 199 200 201 202 203 204 205 206 207 208 209 210 211 212 213 214 215 216 217 218 219 220 221 222 223 224 225 226 227 228 229 230 231 232 233 234 235 236 237 238 239 240 241 242 243 244 245 246 247 248 249
26 271 27 31 32 33 34 38 39 42 43 54 55 56 58 60 61 63 65 130 131 72 74 80 81 83 84 85 86 89 90 92 93 94 96 97 103 104 105 109 113 115 116 117 120 121 127 128 129 137 138 144 145 147 151 160 164 165 167 170 178 181 187 190 195 198 200 204 205 208 214 215 216 217 218 224 225 230 231 232 233 234 240 241 243 245 247
27 291 28 29 31 32 33 66 34 35 36 37 38 39 40 41 42 43 44 47 49 50 51 53 54 55 56 58 60 61 63 64 65 130 131 67 68 69 70 71 72 74 76 79 80 81 82 83 84 85 86 87 88 89 90 91 92 93 94 95 96 97 98 99 100 101 102 103 104 105 106 107 108 109 111 112 113 114 115 116 117 119 120 121 122 123 124 125 127 128 129 133 134 135 136 137 138 141 142 143 144 145 146 147 149 150 151 153 155 158 159 160 162 163 164 165 166 167 168 169 170 172 173 174 175 176 177 178 179 180 181 182 183 184 185 187 188 189 190 192 194 195 196 198 199 200 201 202 203 204 205 206 207 208 209 210 212 213 214 215 216 217 218 219 220 222 224 225 226 227 229 230 231 232 233 234 235 236 237 238 240 241 242 243 244 245 247 249
28 398 29 31 32 33 34 36 37 38 39 42 43 54 55 56 58 60 61 63 64 65 130 131 67 68 69 72 74 76 79 80 81 82 83 84 85 86 89 90 91 92 93 94 96 97 103 104 105 107 109 113 115 116 117 119 120 121 122 123 127 128 129 133 135 137 138 141 142 144 145 146 147 149 151 153 155 159 160 163 164 165 166 167 169 170 172 174 175 176 177 178 179 180 181 182 183 187 190 192 194 195 196 198 199 200 203 204 205 206 207 208 209 212 214 215 216 217 218 224 225 230 231 232 233 234 236 237 238 240 241 243 244 245 247 249
29 290 31 32 33 66 34 35 36 37 38 39 40 41 42 43 44 47 49 50 53 54 55 56 58 60 61 63 64 65 130 131 67 68 69 70 71 72 74 76 79 80 81 82 83 84 85 86 87 88 89 90 91 92 93 94 96 97 98 99 102 103 104 105 106 107 108 109 111 112 113 114 115 116 117 119 120 121 122 123 124 127 128 129 133 135 137 138 141 142 143 144 145 146 147 149 150 151 153 155 158 159 160 163 164 165 166 167 168 169 170 172 173 174 175 176 177 178 179 180 181 182 183 184 185 187 189 190 192 194 195 196 198 199 200 201 202 203 204 205 206 207 208 209 210 212 213 214 215 216 217 218 219 222 224 225 226 227 230 231 232 233 234 235 236 237 238 240 241 242 243 244 245 247 249
30 312 31 32 34 38 39 42 43 54 55 56 58 60 61 63 65 130 131 72 74 81 83 86 89 90 92 93 94 97 103 104 105 109 113 115 116 120 121 127 128 129 137 138 144 145 147 151 160 164 165 167 170 178 181 190 195 198 200 205 208 214 216 217 218 224 225 230 231 233 234 240 241 243 245 247
31 396 32 33 66 34 35 36 37 38 39 40 41 42 43 44 45 46 47 48 49 50 51 52 53 54 55 56 57 58 59 60 61 62 63 64 65 130 131 67 68 69 70 71 72 73 74 75 76 77 78 79 80 81 82 83 84 85 86 87 88 89 90 91 92 93 94 95 96 97 98 99 100 101 102 103 104 105 106 107 108 109 110 111 112 113 114 115 116 117 118 119 120 121 122 123 124 125 126 127 128 129 132 133 134 135 136 137 138 139 140 141 142 143 144 145 146 147 148 149 150 151 152 153 154 155 156 157 158 159 160 161 162 163 164 165 166 167 168 169 170 171 172 173 174 175 176 177 178 179 180 181 182 183 184 185 186 187 188 189 190 191 192 193 194 195 196 197 198 199 200 201 202 203 204 205 206 207 208 209 210 211 212 213 214 215 216 217 218 219 220 221 222 223 224 225 226 227 228 229 230 231 232 233 234 235 236 237 238 239 240 241 242 243 244 245 246 247 248 249
32 261 33 66 34 35 36 37 38 39 40 41 42 43 44 45 46 47 49 50 51 53 54 55 56 57 58 60 61 63 64 65 130 131 67 68 69 70 71 72 74 76 78 79 80 81 82 83 84 85 86 87 88 89 90 91 92 93 94 95 96 97 98 99 100 101 102 103 104 105 106 107 108 109 110 111 112 113 114 115 116 117 118 119 120 121 122 123 124 125 126 127 128 129 132 133 134 135 136 137 138 140 141 142 143 144 145 146 147 149 150 151 152 153 155 156 158 159 160 161 162 163 164 165 166 167 168 169 170 171 172 173 174 175 176 177 178 179 180 181 182 183 184 185 186 187 188 189 190 192 193 194 195 196 198 199 200 201 202 203 204 205 206 207 208 209 210 211 212 213 214 215 216 217 218 219 220 221 222 223 224 225 226 227 228 229 230 231 232 233 234 235 236 237 238 239 240 241 242 243 244 245 246 247 249
33 343 66 34 35 36 37 38 39 40 41 42 43 44 47 49 50 51 53 54 55 56 57 58 60 61 63 64 65 130 131 67 68 69 70 71 72 74 76 79 80 81 82 83 84 85 86 87 88 89 90 91 92 93 94 95 96 97 98 99 100 101 102 103 104 105 106 107 108 109 111 112 113 114 115 116 117 119 120 121 122 123 124 125 127 128 129 133 134 135 136 137 138 141 142 143 144 145 146 147 149 150 151 153 155 158 159 160 162 163 164 165 166 167 168 169 170 172 173 174 175 176 177 178 179 180 181 182 183 184 185 187 188 189 190 192 194 195 196 198 199 200 201 202 203 204 205 206 207 208 209 210 212 213 214 215 216 217 218 219 220 222 224 225 226 227 229 230 231 232 233 234 235 236 237 238 240 241 242 243 244 245 247 249
34 482 66 35 36 37 38 39 40 41 42 43 44 47 49 50 51 53 54 55 56 57 58 60 61 63 64 65 130 131 67 68 69 70 71 72 74 76 78 79 80 81 82 83 84 85 86 87 88 89 90 91 92 93 94 95 96 97 98 99 100 101 102 103 104 105 106 107 108 109 110 111 112 113 114 115 116 117 118 119 120 121 122 123 124 125 127 128 129 132 133 134 135 136 137 138 140 141 142 143 144 145 146 147 149 150 151 153 155 156 158 159 160 161 162 163 164 165 166 167 168 169 170 171 172 173 174 175 176 177 178 179 180 181 182 183 184 185 186 187 188 189 190 192 193 194 195 196 198 199 200 201 202 203 204 205 206 207 208 209 210 211 212 213 214 215 216 217 218 219 220 221 222 223 224 225 226 227 229 230 231 232 233 234 235 236 237 238 239 240 241 242 243 244 245 247 249
35 252 38 39 42 43 54 55 56 58 60 61 63 64 65 130 131 68 72 74 76 79 80 81 83 84 85 86 89 90 91 92 93 94 96 97 103 104 105 109 113 115 116 117 120 121 123 127 128 129 137 138 142 144 145 147 151 155 160 164 165 167 170 172 175 176 178 179 181 183 187 190 192 194 195 198 200 204 205 207 208 212 214 215 216 217 218 224 225 230 231 232 233 234 236 240 241 243 244 245 247 249
36 266 37 38 39 42 43 54 55 56 58 60 61 63 64 65 130 131 67 68 69 72 74 76 79 80 81 82 83 84 85 86 89 90 91 92 93 94 96 97 103 104 105 107 109 113 115 116 117 119 120 121 122 123 127 128 129 133 135 137 138 141 142 144 145 146 147 149 151 153 155 159 160 164 165 166 167 169 170 172 174 175 176 177 178 179 180 181 183 187 190 192 194 195 196 198 200 203 204 205 206 207 208 209 212 214 215 216 217 218 224 225 230 231 232 233 234 236 237 238 240 241 243 244 245 247 249
37 425 38 39 42 43 54 55 56 58 60 61 63 64 65 130 131 67 68 69 72 74 76 79 80 81 82 83 84 85 86 89 90 91 92 93 94 96 97 103 104 105 107 109 113 115 116 117 119 120 121 122 123 127 128 129 133 135 137 138 141 142 144 145 146 147 149 151 153 155 159 160 164 165 166 167 169 170 172 174 175 176 177 178 179 180 181 183 187 190 192 194 195 196 198 200 203 204 205 206 207 208 209 212 214 215 216 217 218 224 225 230 231 232 233 234 236 237 240 241 243 244 245 247 249
38 252 66 39 40 41 42 43 44 45 46 47 49 50 51 52 53 54 55 56 57 58 59 60 61 63 64 65 130 131 67 68 69 70 71 72 73 74 75 76 77 78 79 80 81 82 83 84 85 86 87 88 89 90 91 92 93 94 95 96 97 98 99 100 101 102 103 104 105 106 107 108 109 110 111 112 113 114 115 116 117 118 119 120 121 122 123 124 125 126 127 128 129 132 133 134 135 136 137 138 140 141 142 143 144 145 146 147 148 149 150 151 152 153 155 156 157 158 159 160 161 162 163 164 165 166 167 168 169 170 171 172 173 174 175 176 177 178 179 180 181 182 183 184 185 186 187 188 189 190 192 193 194 195 196 197 198 199 200 201 202 203 204 205 206 207 208 209 210 211 212 213 214 215 216 217 218 219 220 221 222 223 224 225 226 227 228 229 230 231 232 233 234 235 236 237 238 239 240 241 242 243 244 245 246 247 249
39 323 66 40 41 42 43 44 45 46 47 48 49 50 51 52 53 54 55 56 57 58 59 60 61 62 63 64 65 130 131 67 68 69 70 71 72 73 74 75 76 77 78 79 80 81 82 83 84 85 86 87 88 89 90 91 92 93 94 95 96 97 98 99 100 101 102 103 104 105 106 107 108 109 110 111 112 113 114 115 116 117 118 119 120 121 122 123 124 125 126 127 128 129 132 133 134 135 136 137 138 139 140 141 142 143 144 145 146 147 148 149 150 151 152 153 154 155 156 157 158 159 160 161 162 163 164 165 166 167 168 169 170 171 172 173 174 175 176 177 178 179 180 181 182 183 184 185 186 187 188 189 190 191 192 193 194 195 196 197 198 199 200 201 202 203 204 205 206 207 208 209 210 211 212 213 214 215 216 217 218 219 220 221 222 223 224 225 226 227 228 229 230 231 232 233 234 235 236 237 238 239 240 241 242 243 244 245 246 247 248 249
40 382 42 43 54 55 56 58 60 61 63 65 130 131 68 72 74 79 80 81 83 84 85 86 89 90 91 92 93 94 96 97 103 104 105 109 113 115 116 117 120 121 127 128 129 137 138 142 144 145 147 151 160 164 165 167 170 172 178 179 181 187 190 192 195 198 200 204 205 207 208 212 214 215 216 217 218 224 225 230 231 232 233 234 240 241 243 244 245 247
41 291 42 43 54 55 56 58 60 61 63 64 65 130 131 68 72 74 76 79 80 81 83 84 85 86 89 90 91 92 93 94 96 97 103 104 105 109 113 115 116 117 119 120 121 122 123 127 128 129 135 137 138 141 142 144 145 146 147 149 151 153 155 160 164 165 166 167 170 172 174 175 176 177 178 179 181 183 187 190 192 194 195 198 200 203 204 205 207 208 212 214 215 216 217 218 224 225 230 231 232 233 234 236 240 241 243 244 245 247 249
42 327 66 43 44 47 49 50 51 53 54 55 56 57 58 60 61 63 64 65 130 131 67 68 69 70 71 72 74 76 78 79 80 81 82 83 84 85 86 87 88 89 90 91 92 93 94 95 96 97 98 99 100 101 102 103 104 105 106 107 108 109 110 111 112 113 114 115 116 117 119 120 121 122 123 124 125 127 128 129 132 133 134 135 136 137 138 140 141 142 143 144 145 146 147 149 150 151 153 155 158 159 160 162 163 164 165 166 167 168 169 170 172 173 174 175 176 177 178 179 180 181 182 183 184 185 186 187 188 189 190 192 194 195 196 198 199 200 201 202 203 204 205 206 207 208 209 210 212 213 214 215 216 217 218 219 220 221 222 223 224 225 226 227 229 230 231 232 233 234 235 236 237 238 239 240 241 242 243 244 245 247 249
43 414 66 44 45 46 47 48 49 50 51 52 53 54 55 56 57 58 59 60 61 62 63 64 65 130 131 67 68 69 70 71 72 73 74 75 76 77 78 79 80 81 82 83 84 85 86 87 88 89 90 91 92 93 94 95 96 97 98 99 100 101 102 103 104 105 106 107 108 109 110 111 112 113 114 115 116 117 118 119 120 121 122 123 124 125 126 127 128 129 132 133 134 135 136 137 138 139 140 141 142 143 144 145 146 147 148 149 150 151 152 153 154 155 156 157 158 159 160 161 162 163 164 165 166 167 168 169 170 171 172 173 174 175 176 177 178 179 180 181 182 183 184 185 186 187 188 189 190 191 192 193 194 195 196 197 198 199 200 201 202 203 204 205 206 207 208 209 210 211 212 213 214 215 216 217 218 219 220 221 222 223 224 225 226 227 228 229 230 231 232 233 234 235 236 237 238 239 240 241 242 243 244 245 246 247 248 249
44 262 54 55 56 58 60 61 63 64 65 130 131 68 72 74 76 79 80 81 83 84 85 86 89 90 91 92 93 94 96 97 103 104 105 109 113 115 116 117 120 121 123 127 128 129 137 138 142 144 145 147 151 155 160 164 165 167 170 172 175 176 178 179 181 183 187 190 192 194 195 198 200 204 205 207 208 212 214 215 216 217 218 224 225 230 231 232 233 234 236 240 241 243 244 245 247 249
45 324 54 55 56 58 60 61 63 65 130 131 74 81 83 86 89 90 93 94 97 103 104 109 113 115 116 120 121 127 128 129 137 138 144 147 151 164 167 178 181 195 198 200 205 208 214 217 218 224 225 230 231 234 240 243 245 247
46 388 54 55 56 58 60 61 63 65 130 131 74 81 83 86 89 90 93 94 97 103 104 109 113 115 116 120 121 127 128 129 137 138 144 147 151 164 167 178 181 195 198 200 205 208 214 217 218 224 225 230 231 234 240 243 245 247
47 251 54 55 56 58 60 61 63 64 65 130 131 68 72 74 76 79 80 81 83 84 85 86 89 90 91 92 93 94 96 97 103 104 105 109 113 115 116 117 120 121 123 127 128 129 137 138 142 144 145 147 151 155 160 164 165 167 170 172 175 176 178 179 181 187 190 192 194 195 198 200 204 205 207 208 212 214 215 216 217 218 224 225 230 231 232 233 234 236 240 241 243 244 245 247 249
48 361 54 56 58 60 61 63 65 130 131 81 83 86 93 94 97 103 104 113 115 116 120 128 137 138 144 147 151 167 178 181 198 200 205 208 214 218 225 230 231 234 240 243 247
49 426 54 55 56 58 60 61 63 65 130 131 68 72 74 79 80 81 83 84 85 86 89 90 91 92 93 94 96 97 103 104 105 109 113 115 116 117 120 121 127 128 129 137 138 144 145 147 151 160 164 165 167 170 172 178 181 187 190 192 195 198 200 204 205 207 208 212 214 215 216 217 218 224 225 230 231 232 233 234 240 241 243 244 245 247
50 259 54 55 56 58 60 61 63 64 65 130 131 68 72 74 76 79 80 81 83 84 85 86 89 90 91 92 93 94 96 97 103 104 105 109 113 115 116 117 120 121 123 127 128 129 137 138 142 144 145 147 151 155 160 164 165 167 170 172 175 176 178 179 181 187 190 192 194 195 198 200 204 205 207 208 212 214 215 216 217 218 224 225 230 231 232 233 234 236 240 241 243 244 245 247 249
51 315 54 55 56 58 60 61 63 65 130 131 72 74 80 81 83 84 85 86 89 90 92 93 94 96 97 103 104 105 109 113 115 116 117 120 121 127 128 129 137 138 144 145 147 151 160 164 165 167 170 178 181 187 190 195 198 200 204 205 208 214 215 216 217 218 224 225 230 231 233 234 240 241 243 245 247
52 377 54 56 58 60 61 63 65 130 131 74 81 83 86 90 93 94 97 103 104 113 115 116 120 121 127 128 129 137 138 144 147 151 167 178 181 195 198 200 205 208 214 218 224 225 230 231 234 240 243 247
53 258 54 55 56 58 60 61 63 64 65 130 131 68 72 74 76 79 80 81 83 84 85 86 89 90 91 92 93 94 96 97 103 104 105 109 113 115 116 117 120 121 123 127 128 129 137 138 142 144 145 147 151 155 160 164 165 167 170 172 175 176 178 179 181 187 190 192 194 195 198 200 204 205 207 208 212 214 215 216 217 218 224 225 230 231 232 233 234 236 240 241 243 244 245 247 249
54 365 66 55 56 57 58 59 60 61 62 63 64 65 130 131 67 68 69 70 71 72 73 74 75 76 77 78 79 80 81 82 83 84 85 86 87 88 89 90 91 92 93 94 95 96 97 98 99 100 101 102 103 104 105 106 107 108 109 110 111 112 113 114 115 116 117 118 119 120 121 122 123 124 125 126 127 128 129 132 133 134 135 136 137 138 139 140 141 142 143 144 145 146 147 148 149 150 151 152 153 154 155 156 157 158 159 160 161 162 163 164 165 166 167 168 169 170 171 172 173 174 175 176 177 178 179 180 181 182 183 184 185 186 187 188 189 190 191 192 193 194 195 196 197 198 199 200 201 202 203 204 205 206 207 208 209 210 211 212 213 214 215 216 217 218 219 220 221 222 223 224 225 226 227 228 229 230 231 232 233 234 235 236 237 238 239 240 241 242 243 244 245 246 247 248 249
55 455 66 56 57 58 60 61 63 64 65 130 131 67 68 69 70 71 72 74 76 78 79 80 81 82 83 84 85 86 87 88 89 90 91 92 93 94 95 96 97 98 99 100 101 102 103 104 105 106 107 108 109 110 111 112 113 114 115 116 117 118 119 120 121 122 123 124 125 127 128 129 132 133 134 135 136 137 138 140 141 142 143 144 145 146 147 149 150 151 152 153 155 156 158 159 160 161 162 163 164 165 166 167 168 169 170 171 172 173 174 175 176 177 178 179 180 181 182 183 184 185 186 187 188 189 190 192 193 194 195 196 198 199 200 201 202 203 204 205 206 207 208 209 210 211 212 213 214 215 216 217 218 219 220 221 222 223 224 225 226 227 229 230 231 232 233 234 235 236 237 238 239 240 241 242 243 244 245 246 247 249
56 266 66 57 58 59 60 61 62 63 64 65 130 131 67 68 69 70 71 72 73 74 75 76 77 78 79 80 81 82 83 84 85 86 87 88 89 90 91 92 93 94 95 96 97 98 99 100 101 102 103 104 105 106 107 108 109 110 111 112 113 114 115 116 117 118 119 120 121 122 123 124 125 126 127 128 129 132 133 134 135 136 137 138 139 140 141 142 143 144 145 146 147 148 149 150 151 152 153 154 155 156 157 158 159 160 161 162 163 164 165 166 167 168 169 170 171 172 173 174 175 176 177 178 179 180 181 182 183 184 185 186 187 188 189 190 191 192 193 194 195 196 197 198 199 200 201 202 203 204 205 206 207 208 209 210 211 212 213 214 215 216 217 218 219 220 221 222 223 224 225 226 227 228 229 230 231 232 233 234 235 236 237 238 239 240 241 242 243 244 245 246 247 248 249
57 279 58 60 61 63 65 130 131 72 74 80 81 83 86 89 90 92 93 94 96 97 103 104 105 109 113 115 116 117 120 121 127 128 129 137 138 144 145 147 151 160 164 165 167 170 178 181 190 195 198 200 204 205 208 214 215 216 217 218 224 225 230 231 233 234 240 241 243 245 247
58 411 66 59 60 61 62 63 64 65 130 131 67 68 69 70 71 72 73 74 75 76 77 78 79 80 81 82 83 84 85 86 87 88 89 90 91 92 93 94 95 96 97 98 99 100 101 102 103 104 105 106 107 108 109 110 111 112 113 114 115 116 117 118 119 120 121 122 123 124 125 126 127 128 129 132 133 134 135 136 137 138 139 140 141 142 143 144 145 146 147 148 149 150 151 152 153 154 155 156 157 158 159 160 161 162 163 164 165 166 167 168 169 170 171 172 173 174 175 176 177 178 179 180 181 182 183 184 185 186 187 188 189 190 191 192 193 194 195 196 197 198 199 200 201 202 203 204 205 206 207 208 209 210 211 212 213 214 215 216 217 218 219 220 221 222 223 224 225 226 227 228 229 230 231 232 233 234 235 236 237 238 239 240 241 242 243 244 245 246 247 248 249
59 260 60 61 63 65 130 131 74 81 83 86 90 93 94 97 103 104 113 115 116 120 127 128 129 137 138 144 147 151 167 178 181 195 198 200 205 208 214 218 224 225 230 231 234 240 243 247
60 329 66 61 62 63 64 65 130 131 67 68 69 70 71 72 73 74 75 76 77 78 79 80 81 82 83 84 85 86 87 88 89 90 91 92 93 94 95 96 97 98 99 100 101 102 103 104 105 106 107 108 109 110 111 112 113 114 115 116 117 118 119 120 121 122 123 124 125 126 127 128 129 132 133 134 135 136 137 138 139 140 141 142 143 144 145 146 147 148 149 150 151 152 153 154 155 156 157 158 159 160 161 162 163 164 165 166 167 168 169 170 171 172 173 174 175 176 177 178 179 180 181 182 183 184 185 186 187 188 189 190 191 192 193 194 195 196 197 198 199 200 201 202 203 204 205 206 207 208 209 210 211 212 213 214 215 216 217 218 219 220 221 222 223 224 225 226 227 228 229 230 231 232 233 234 235 236 237 238 239 240 241 242 243 244 245 246 247 248 249
61 356 66 62 63 64 65 130 131 67 68 69 70 71 72 73 74 75 76 77 78 79 80 81 82 83 84 85 86 87 88 89 90 91 92 93 94 95 96 97 98 99 100 101 102 103 104 105 106 107 108 109 110 111 112 113 114 115 116 117 118 119 120 121 122 123 124 125 126 127 128 129 132 133 134 135 136 137 138 139 140 141 142 143 144 145 146 147 148 149 150 151 152 153 154 155 156 157 158 159 160 161 162 163 164 165 166 167 168 169 170 171 172 173 174 175 176 177 178 179 180 181 182 183 184 185 186 187 188 189 190 191 192 193 194 195 196 197 198 199 200 201 202 203 204 205 206 207 208 209 210 211 212 213 214 215 216 217 218 219 220 221 222 223 224 225 226 227 228 229 230 231 232 233 234 235 236 237 238 239 240 241 242 243 244 245 246 247 248 249
62 295 63 65 130 131 81 83 86 93 94 97 103 104 113 115 116 120 128 137 138 144 147 151 167 178 181 198 200 205 208 214 218 225 230 231 234 240 243 247
63 349 66 64 65 130 131 67 68 69 70 71 72 73 74 75 76 77 78 79 80 81 82 83 84 85 86 87 88 89 90 91 92 93 94 95 96 97 98 99 100 101 102 103 104 105 106 107 108 109 110 111 112 113 114 115 116 117 118 119 120 121 122 123 124 125 126 127 128 129 132 133 134 135 136 137 138 139 140 141 142 143 144 145 146 147 148 149 150 151 152 153 154 155 156 157 158 159 160 161 162 163 164 165 166 167 168 169 170 171 172 173 174 175 176 177 178 179 180 181 182 183 184 185 186 187 188 189 190 191 192 193 194 195 196 197 198 199 200 201 202 203 204 205 206 207 208 209 210 211 212 213 214 215 216 217 218 219 220 221 222 223 224 225 226 227 228 229 230 231 232 233 234 235 236 237 238 239 240 241 242 243 244 245 246 247 248 249
64 470 66 65 130 131 67 68 69 70 71 72 74 76 79 80 81 82 83 84 85 86 87 88 89 90 91 92 93 94 96 97 98 99 103 104 105 106 107 108 109 111 112 113 115 116 117 119 120 121 122 123 124 127 128 129 133 135 137 138 141 142 143 144 145 146 147 149 150 151 153 155 158 159 160 163 164 165 166 167 168 169 170 172 173 174 175 176 177 178 179 180 181 182 183 184 185 187 190 192 194 195 196 198 199 200 201 202 203 204 205 206 207 208 209 212 213 214 215 216 217 218 219 222 224 225 226 230 231 232 233 234 235 236 237 238 240 241 242 243 244 245 247 249
65 257 66 130 131 67 68 69 70 71 72 73 74 75 76 77 78 79 80 81 82 83 84 85 86 87 88 89 90 91 92 93 94 95 96 97 98 99 100 101 102 103 104 105 106 107 108 109 110 111 112 113 114 115 116 117 118 119 120 121 122 123 124 125 126 127 128 129 132 133 134 135 136 137 138 139 140 141 142 143 144 145 146 147 148 149 150 151 152 153 154 155 156 157 158 159 160 161 162 163 164 165 166 167 168 169 170 171 172 173 174 175 176 177 178 179 180 181 182 183 184 185 186 187 188 189 190 191 192 193 194 195 196 197 198 199 200 201 202 203 204 205 206 207 208 209 210 211 212 213 214 215 216 217 218 219 220 221 222 223 224 225 226 227 228 229 230 231 232 233 234 235 236 237 238 239 240 241 242 243 244 245 246 247 248 249
66 273 130 131 68 72 74 76 79 80 81 83 84 85 86 89 90 91 92 93 94 96 97 103 104 105 109 113 115 116 117 120 121 122 123 127 128 129 137 138 141 142 144 145 146 147 151 153 155 160 164 165 166 167 170 172 174 175 176 177 178 179 181 183 187 190 192 194 195 198 200 203 204 205 207 208 212 214 215 216 217 218 224 225 230 231 232 233 234 236 240 241 243 244 245 247 249
67 449 130 131 68 69 72 74 76 79 80 81 82 83 84 85 86 89 90 91 92 93 94 96 97 103 104 105 107 109 113 115 116 117 119 120 121 122 123 124 127 128 129 133 135 137 138 141 142 143 144 145 146 147 149 151 153 155 159 160 163 164 165 166 167 169 170 172 174 175 176 177 178 179 180 181 182 183 187 190 192 194 195 196 198 199 200 203 204 205 206 207 208 209 212 214 215 216 217 218 224 225 230 231 232 233 234 236 237 238 240 241 243 244 245 247 249
68 252 130 131 69 70 71 72 74 76 79 80 81 82 83 84 85 86 87 88 89 90 91 92 93 94 96 97 98 99 102 103 104 105 106 107 108 109 111 112 113 114 115 116 117 119 120 121 122 123 124 127 128 129 133 135 137 138 141 142 143 144 145 146 147 149 150 151 153 155 158 159 160 163 164 165 166 167 168 169 170 172 173 174 175 176 177 178 179 180 181 182 183 184 185 187 189 190 192 194 195 196 198 199 200 201 202 203 204 205 206 207 208 209 210 212 213 214 215 216 217 218 219 222 224 225 226 227 230 231 232 233 234 235 236 237 238 240 241 242 243 244 245 247 249
69 299 130 131 72 74 76 79 80 81 82 83 84 85 86 89 90 91 92 93 94 96 97 103 104 105 107 109 113 115 116 117 119 120 121 122 123 127 128 129 133 135 137 138 141 142 144 145 146 147 149 151 153 155 159 160 164 165 166 167 169 170 172 174 175 176 177 178 179 180 181 182 183 187 190 192 194 195 196 198 200 203 204 205 206 207 208 209 212 214 215 216 217 218 224 225 230 231 232 233 234 236 237 238 240 241 243 244 245 247 249
70 380 130 131 72 74 76 79 80 81 83 84 85 86 89 90 91 92 93 94 96 97 103 104 105 109 113 115 116 117 120 121 122 123 127 128 129 137 138 141 142 144 145 146 147 151 155 160 164 165 166 167 170 172 174 175 176 177 178 179 181 183 187 190 192 194 195 198 200 203 204 205 207 208 212 214 215 216 217 218 224 225 230 231 232 233 234 236 240 241 243 244 245 247 249
71 280 130 131 72 74 79 80 81 83 84 85 86 89 90 91 92 93 94 96 97 103 104 105 109 113 115 116 117 120 121 123 127 128 129 137 138 142 144 145 147 151 160 164 165 167 170 172 175 176 178 179 181 187 190 192 194 195 198 200 204 205 207 208 212 214 215 216 217 218 224 225 230 231 232 233 234 236 240 241 243 244 245 247
72 340 130 131 74 76 78 79 80 81 82 83 84 85 86 87 88 89 90 91 92 93 94 95 96 97 98 99 100 101 102 103 104 105 106 107 108 109 110 111 112 113 114 115 116 117 118 119 120 121 122 123 124 125 127 128 129 132 133 134 135 136 137 138 140 141 142 143 144 145 146 147 149 150 151 153 155 156 158 159 160 161 162 163 164 165 166 167 168 169 170 171 172 173 174 175 176 177 178 179 180 181 182 183 184 185 186 187 188 189 190 192 193 194 195 196 198 199 200 201 202 203 204 205 206 207 208 209 210 211 212 213 214 215 216 217 218 219 220 221 222 223 224 225 226 227 229 230 231 232 233 234 235 236 237 238 239 240 241 242 243 244 245 247 249
73 378 130 131 74 81 83 86 90 93 94 97 103 104 113 115 116 120 121 127 128 129 137 138 144 147 151 167 178 181 195 198 200 205 208 214 218 224 225 230 231 234 240 243 247
74 305 130 131 76 77 78 79 80 81 82 83 84 85 86 87 88 89 90 91 92 93 94 95 96 97 98 99 100 101 102 103 104 105 106 107 108 109 110 111 112 113 114 115 116 117 118 119 120 121 122 123 124 125 126 127 128 129 132 133 134 135 136 137 138 140 141 142 143 144 145 146 147 148 149 150 151 152 153 155 156 157 158 159 160 161 162 163 164 165 166 167 168 169 170 171 172 173 174 175 176 177 178 179 180 181 182 183 184 185 186 187 188 189 190 192 193 194 195 196 198 199 200 201 202 203 204 205 206 207 208 209 210 211 212 213 214 215 216 217 218 219 220 221 222 223 224 225 226 227 228 229 230 231 232 233 234 235 236 237 238 239 240 241 242 243 244 245 246 247 249
75 317 130 131 81 83 86 93 94 97 103 104 113 115 116 120 128 137 138 144 147 151 167 178 181 195 198 200 205 208 214 218 225 230 231 234 240 243 247
76 440 130 131 79 80 81 82 83 84 85 86 87 89 90 91 92 93 94 96 97 98 99 103 104 105 107 108 109 111 112 113 115 116 117 119 120 121 122 123 124 127 128 129 133 135 137 138 141 142 143 144 145 146 147 149 150 151 153 155 159 160 163 164 165 166 167 169 170 172 173 174 175 176 177 178 179 180 181 182 183 184 185 187 190 192 194 195 196 198 199 200 201 202 203 204 205 206 207 208 209 212 214 215 216 217 218 219 222 224 225 230 231 232 233 234 235 236 237 238 240 241 242 243 244 245 247 249
77 255 130 131 81 83 86 93 94 97 103 104 113 115 116 120 128 137 138 144 147 151 167 178 181 195 198 200 205 208 214 218 225 230 231 234 240 243 247
78 305 130 131 81 83 86 89 90 93 94 97 103 104 105 109 113 115 116 120 121 127 128 129 137 138 144 145 147 151 160 164 165 167 178 181 190 195 198 200 205 208 214 216 217 218 224 225 230 231 233 234 240 243 245 247
79 435 130 131 80 81 82 83 84 85 86 87 88 89 90 91 92 93 94 96 97 98 99 102 103 104 105 106 107 108 109 111 112 113 114 115 116 117 119 120 121 122 123 124 127 128 129 133 135 137 138 141 142 143 144 145 146 147 149 150 151 153 155 158 159 160 163 164 165 166 167 168 169 170 172 173 174 175 176 177 178 179 180 181 182 183 184 185 187 189 190 192 194 195 196 198 199 200 201 202 203 204 205 206 207 208 209 210 212 213 214 215 216 217 218 219 222 224 225 226 227 230 231 232 233 234 235 236 237 238 240 241 242 243 244 245 247 249
80 270 130 131 81 82 83 84 85 86 87 88 89 90 91 92 93 94 95 96 97 98 99 100 101 102 103 104 105 106 107 108 109 111 112 113 114 115 116 117 119 120 121 122 123 124 125 127 128 129 133 134 135 136 137 138 141 142 143 144 145 146 147 149 150 151 153 155 158 159 160 162 163 164 165 166 167 168 169 170 172 173 174 175 176 177 178 179 180 181 182 183 184 185 187 188 189 190 192 194 195 196 198 199 200 201 202 203 204 205 206 207 208 209 210 212 213 214 215 216 217 218 219 220 222 224 225 226 227 229 230 231 232 233 234 235 236 237 238 240 241 242 243 244 245 247 249
81 295 130 131 82 83 84 85 86 87 88 89 90 91 92 93 94 95 96 97 98 99 100 101 102 103 104 105 106 107 108 109 110 111 112 113 114 115 116 117 118 119 120 121 122 123 124 125 126 127 128 129 132 133 134 135 136 137 138 139 140 141 142 143 144 145 146 147 148 149 150 151 152 153 154 155 156 157 158 159 160 161 162 163 164 165 166 167 168 169 170 171 172 173 174 175 176 177 178 179 180 181 182 183 184 185 186 187 188 189 190 191 192 193 194 195 196 197 198 199 200 201 202 203 204 205 206 207 208 209 210 211 212 213 214 215 216 217 218 219 220 221 222 223 224 225 226 227 228 229 230 231 232 233 234 235 236 237 238 239 240 241 242 243 244 245 246 247 248 249
82 478 130 131 83 84 85 86 89 90 91 92 93 94 96 97 103 104 105 107 109 113 115 116 117 119 120 121 122 123 127 128 129 133 135 137 138 141 142 144 145 146 147 149 151 153 155 159 160 164 165 166 167 169 170 172 174 175 176 177 178 179 180 181 183 187 190 192 194 195 196 198 200 203 204 205 207 208 209 212 214 215 216 217 218 224 225 230 231 232 233 234 236 237 240 241 243 244 245 247 249
83 252 130 131 84 85 86 87 88 89 90 91 92 93 94 95 96 97 98 99 100 101 102 103 104 105 106 107 108 109 110 111 112 113 114 115 116 117 118 119 120 121 122 123 124 125 126 127 128 129 132 133 134 135 136 137 138 139 140 141 142 143 144 145 146 147 148 149 150 151 152 153 154 155 156 157 158 159 160 161 162 163 164 165 166 167 168 169 170 171 172 173 174 175 176 177 178 179 180 181 182 183 184 185 186 187 188 189 190 191 192 193 194 195 196 197 198 199 200 201 202 203 204 205 206 207 208 209 210 211 212 213 214 215 216 217 218 219 220 221 222 223 224 225 226 227 228 229 230 231 232 233 234 235 236 237 238 239 240 241 242 243 244 245 246 247 248 249
84 270 130 131 85 86 87 88 89 90 91 92 93 94 95 96 97 98 99 100 102 103 104 105 106 107 108 109 111 112 113 114 115 116 117 119 120 121 122 123 124 125 127 128 129 133 134 135 136 137 138 141 142 143 144 145 146 147 149 150 151 153 155 158 159 160 162 163 164 165 166 167 168 169 170 172 173 174 175 176 177 178 179 180 181 182 183 184 185 187 189 190 192 194 195 196 198 199 200 201 202 203 204 205 206 207 208 209 210 212 213 214 215 216 217 218 219 220 222 224 225 226 227 229 230 231 232 233 234 235 236 237 238 240 241 242 243 244 245 247 249
85 446 130 131 86 87 88 89 90 91 92 93 94 95 96 97 98 99 100 102 103 104 105 106 107 108 109 111 112 113 114 115 116 117 119 120 121 122 123 124 125 127 128 129 133 134 135 136 137 138 141 142 143 144 145 146 147 149 150 151 153 155 158 159 160 162 163 164 165 166 167 168 169 170 172 173 174 175 176 177 178 179 180 181 182 183 184 185 187 189 190 192 194 195 196 198 199 200 201 202 203 204 205 206 207 208 209 210 212 213 214 215 216 217 218 219 220 222 224 225 226 227 229 230 231 232 233 234 235 236 237 238 240 241 242 243 244 245 247 249
86 252 130 131 87 88 89 90 91 92 93 94 95 96 97 98 99 100 101 102 103 104 105 106 107 108 109 110 111 112 113 114 115 116 117 118 119 120 121 122 123 124 125 126 127 128 129 132 133 134 135 136 137 138 139 140 141 142 143 144 145 146 147 148 149 150 151 152 153 154 155 156 157 158 159 160 161 162 163 164 165 166 167 168 169 170 171 172 173 174 175 176 177 178 179 180 181 182 183 184 185 186 187 188 189 190 191 192 193 194 195 196 197 198 199 200 201 202 203 204 205 206 207 208 209 210 211 212 213 214 215 216 217 218 219 220 221 222 223 224 225 226 227 228 229 230 231 232 233 234 235 236 237 238 239 240 241 242 243 244 245 246 247 248 249
87 302 130 131 89 90 91 92 93 94 96 97 103 104 105 109 113 115 116 117 120 121 122 123 127 128 129 137 138 142 144 145 147 151 155 160 164 165 166 167 170 172 175 176 177 178 179 181 183 187 190 192 194 195 198 200 203 204 205 207 208 212 214 215 216 217 218 224 225 230 231 232 233 234 236 240 241 243 244 245 247 249
88 388 130 131 89 90 91 92 93 94 96 97 103 104 105 109 113 115 116 117 120 121 127 128 129 137 138 142 144 145 147 151 160 164 165 167 170 172 176 178 179 181 187 190 192 194 195 198 200 204 205 207 208 212 214 215 216 217 218 224 225 230 231 232 233 234 240 241 243 244 245 247
89 274 130 131 90 91 92 93 94 95 96 97 98 99 100 101 102 103 104 105 106 107 108 109 110 111 112 113 114 115 116 117 118 119 120 121 122 123 124 125 127 128 129 132 133 134 135 136 137 138 140 141 142 143 144 145 146 147 149 150 151 152 153 155 156 158 159 160 161 162 163 164 165 166 167 168 169 170 171 172 173 174 175 176 177 178 179 180 181 182 183 184 185 186 187 188 189 190 192 193 194 195 196 198 199 200 201 202 203 204 205 206 207 208 209 210 211 212 213 214 215 216 217 218 219 220 221 222 223 224 225 226 227 229 230 231 232 233 234 235 236 237 238 239 240 241 242 243 244 245 246 247 249
90 338 130 131 91 92 93 94 95 96 97 98 99 100 101 102 103 104 105 106 107 108 109 110 111 112 113 114 115 116 117 118 119 120 121 122 123 124 125 126 127 128 129 132 133 134 135 136 137 138 140 141 142 143 144 145 146 147 148 149 150 151 152 153 155 156 157 158 159 160 161 162 163 164 165 166 167 168 169 170 171 172 173 174 175 176 177 178 179 180 181 182 183 184 185 186 187 188 189 190 192 193 194 195 196 198 199 200 201 202 203 204 205 206 207 208 209 210 211 212 213 214 215 216 217 218 219 220 221 222 223 224 225 226 227 228 229 230 231 232 233 234 235 236 237 238 239 240 241 242 243 244 245 246 247 249
91 476 130 131 92 93 94 95 96 97 98 99 102 103 104 105 106 107 108 109 111 112 113 114 115 116 117 119 120 121 122 123 124 125 127 128 129 133 135 137 138 141 142 143 144 145 146 147 149 150 151 153 155 158 159 160 163 164 165 166 167 168 169 170 172 173 174 175 176 177 178 179 180 181 182 183 184 185 187 189 190 192 194 195 196 198 199 200 201 202 203 204 205 206 207 208 209 210 212 213 214 215 216 217 218 219 220 222 224 225 226 227 230 231 232 233 234 235 236 237 238 240 241 242 243 244 245 247 249
92 260 130 131 93 94 95 96 97 98 99 100 101 102 103 104 105 106 107 108 109 111 112 113 114 115 116 117 119 120 121 122 123 124 125 127 128 129 132 133 134 135 136 137 138 140 141 142 143 144 145 146 147 149 150 151 153 155 158 159 160 162 163 164 165 166 167 168 169 170 172 173 174 175 176 177 178 179 180 181 182 183 184 185 186 187 188 189 190 192 194 195 196 198 199 200 201 202 203 204 205 206 207 208 209 210 212 213 214 215 216 217 218 219 220 221 222 223 224 225 226 227 229 230 231 232 233 234 235 236 237 238 239 240 241 242 243 244 245 247 249
93 264 130 131 94 95 96 97 98 99 100 101 102 103 104 105 106 107 108 109 110 111 112 113 114 115 116 117 118 119 120 121 122 123 124 125 126 127 128 129 132 133 134 135 136 137 138 139 140 141 142 143 144 145 146 147 148 149 150 151 152 153 154 155 156 157 158 159 160 161 162 163 164 165 166 167 168 169 170 171 172 173 174 175 176 177 178 179 180 181 182 183 184 185 186 187 188 189 190 191 192 193 194 195 196 197 198 199 200 201 202 203 204 205 206 207 208 209 210 211 212 213 214 215 216 217 218 219 220 221 222 223 224 225 226 227 228 229 230 231 232 233 234 235 236 237 238 239 240 241 242 243 244 245 246 247 248 249
94 487 130 131 95 96 97 98 99 100 101 102 103 104 105 106 107 108 109 110 111 112 113 114 115 116 117 118 119 120 121 122 123 124 125 126 127 128 129 132 133 134 135 136 137 138 139 140 141 142 143 144 145 146 147 148 149 150 151 152 153 154 155 156 157 158 159 160 161 162 163 164 165 166 167 168 169 170 171 172 173 174 175 176 177 178 179 180 181 182 183 184 185 186 187 188 189 190 191 192 193 194 195 196 197 198 199 200 201 202 203 204 205 206 207 208 209 210 211 212 213 214 215 216 217 218 219 220 221 222 223 224 225 226 227 228 229 230 231 232 233 234 235 236 237 238 239 240 241 242 243 244 245 246 247 248 249
95 250 130 131 96 97 103 104 105 109 113 115 116 117 120 121 127 128 129 137 138 144 145 147 151 160 164 165 167 170 172 178 181 187 190 195 198 200 204 205 207 208 212 214 215 216 217 218 224 225 230 231 232 233 234 240 241 243 244 245 247
96 263 130 131 97 98 99 100 101 102 103 104 105 106 107 108 109 111 112 113 114 115 116 117 119 120 121 122 123 124 125 127 128 129 132 133 134 135 136 137 138 140 141 142 143 144 145 146 147 149 150 151 153 155 158 159 160 162 163 164 165 166 167 168 169 170 172 173 174 175 176 177 178 179 180 181 182 183 184 185 186 187 188 189 190 192 194 195 196 198 199 200 201 202 203 204 205 206 207 208 209 210 212 213 214 215 216 217 218 219 220 222 223 224 225 226 227 229 230 231 232 233 234 235 236 237 238 239 240 241 242 243 244 245 247 249
97 469 130 131 98 99 100 101 102 103 104 105 106 107 108 109 110 111 112 113 114 115 116 117 118 119 120 121 122 123 124 125 126 127 128 129 132 133 134 135 136 137 138 139 140 141 142 143 144 145 146 147 148 149 150 151 152 153 154 155 156 157 158 159 160 161 162 163 164 165 166 167 168 169 170 171 172 173 174 175 176 177 178 179 180 181 182 183 184 185 186 187 188 189 190 191 192 193 194 195 196 197 198 199 200 201 202 203 204 205 206 207 208 209 210 211 212 213 214 215 216 217 218 219 220 221 222 223 224 225 226 227 228 229 230 231 232 233 234 235 236 237 238 239 240 241 242 243 244 245 246 247 248 249
98 262 130 131 103 104 105 109 113 115 116 117 120 121 122 123 127 128 129 137 138 141 142 144 145 147 151 155 160 164 165 166 167 170 172 175 176 177 178 179 181 183 187 190 192 194 195 198 200 203 204 205 207 208 212 214 215 216 217 218 224 225 230 231 232 233 234 236 240 241 243 244 245 247 249
99 269 130 131 103 104 105 109 113 115 116 117 120 121 123 127 128 129 137 138 142 144 145 147 151 155 160 164 165 167 170 172 175 176 178 179 181 183 187 190 192 194 195 198 200 204 205 207 208 212 214 215 216 217 218 224 225 230 231 232 233 234 236 240 241 243 244 245 247 249
100 415 130 131 103 104 105 109 113 115 116 117 120 121 127 128 129 137 138 144 145 147 151 160 164 165 167 170 178 181 187 190 195 198 200 204 205 208 214 215 216 217 218 224 225 230 231 232 233 234 240 241 243 245 247
101 257 130 131 103 104 105 109 113 115 116 117 120 121 127 128 129 137 138 144 145 147 151 160 164 165 167 170 178 181 187 190 195 198 200 204 205 208 214 215 216 217 218 224 225 230 231 233 234 240 241 243 245 247
102 328 130 131 103 104 105 109 113 115 116 117 120 121 127 128 129 137 138 144 145 147 151 160 164 165 167 170 172 178 181 187 190 192 195 198 200 204 205 207 208 212 214 215 216 217 218 224 225 230 231 232 233 234 240 241 243 244 245 247
103 369 130 131 104 105 106 107 108 109 110 111 112 113 114 115 116 117 118 119 120 121 122 123 124 125 126 127 128 129 132 133 134 135 136 137 138 139 140 141 142 143 144 145 146 147 148 149 150 151 152 153 154 155 156 157 158 159 160 161 162 163 164 165 166 167 168 169 170 171 172 173 174 175 176 177 178 179 180 181 182 183 184 185 186 187 188 189 190 191 192 193 194 195 196 197 198 199 200 201 202 203 204 205 206 207 208 209 210 211 212 213 214 215 216 217 218 219 220 221 222 223 224 225 226 227 228 229 230 231 232 233 234 235 236 237 238 239 240 241 242 243 244 245 246 247 248 249
104 292 130 131 105 106 107 108 109 110 111 112 113 114 115 116 117 118 119 120 121 122 123 124 125 126 127 128 129 132 133 134 135 136 137 138 139 140 141 142 143 144 145 146 147 148 149 150 151 152 153 154 155 156 157 158 159 160 161 162 163 164 165 166 167 168 169 170 171 172 173 174 175 176 177 178 179 180 181 182 183 184 185 186 187 188 189 190 191 192 193 194 195 196 197 198 199 200 201 202 203 204 205 206 207 208 209 210 211 212 213 214 215 216 217 218 219 220 221 222 223 224 225 226 227 228 229 230 231 232 233 234 235 236 237 238 239 240 241 242 243 244 245 246 247 248 249
105 339 130 131 106 107 108 109 110 111 112 113 114 115 116 117 119 120 121 122 123 124 125 127 128 129 132 133 134 135 136 137 138 140 141 142 143 144 145 146 147 149 150 151 153 155 158 159 160 162 163 164 165 166 167 168 169 170 172 173 174 175 176 177 178 179 180 181 182 183 184 185 186 187 188 189 190 192 194 195 196 198 199 200 201 202 203 204 205 206 207 208 209 210 212 213 214 215 216 217 218 219 220 221 222 223 224 225 226 227 229 230 231 232 233 234 235 236 237 238 239 240 241 242 243 244 245 247 249
106 377 130 131 109 113 115 116 117 120 121 127 128 129 137 138 142 144 145 147 151 160 164 165 167 170 172 176 178 179 181 187 190 192 195 198 200 204 205 207 208 212 214 215 216 217 218 224 225 230 231 232 233 234 240 241 243 244 245 247
107 297 130 131 109 113 115 116 117 119 120 121 122 123 124 127 128 129 133 135 137 138 141 142 144 145 146 147 149 151 153 155 159 160 163 164 165 166 167 169 170 172 174 175 176 177 178 179 180 181 182 183 187 190 192 194 195 196 198 199 200 203 204 205 206 207 208 209 212 214 215 216 217 218 224 225 230 231 232 233 234 236 237 238 240 241 243 244 245 247 249
108 326 130 131 109 113 115 116 117 119 120 121 122 123 127 128 129 133 135 137 138 141 142 144 145 146 147 149 151 153 155 159 160 164 165 166 167 170 172 174 175 176 177 178 179 181 183 187 190 192 194 195 196 198 200 203 204 205 207 208 212 214 215 216 217 218 224 225 230 231 232 233 234 236 240 241 243 244 245 247 249
109 411 130 131 110 111 112 113 114 115 116 117 118 119 120 121 122 123 124 125 127 128 129 132 133 134 135 136 137 138 140 141 142 143 144 145 146 147 149 150 151 152 153 155 156 158 159 160 161 162 163 164 165 166 167 168 169 170 171 172 173 174 175 176 177 178 179 180 181 182 183 184 185 186 187 188 189 190 192 193 194 195 196 198 199 200 201 202 203 204 205 206 207 208 209 210 211 212 213 214 215 216 217 218 219 220 221 222 223 224 225 226 227 229 230 231 232 233 234 235 236 237 238 239 240 241 242 243 244 245 246 247 249
110 282 130 131 113 115 116 120 121 127 128 129 137 138 144 145 147 151 160 164 165 167 178 181 190 195 198 200 205 208 214 216 217 218 224 225 230 231 233 234 240 243 245 247
111 307 130 131 113 115 116 117 120 121 122 123 127 128 129 137 138 141 142 144 145 146 147 151 155 160 164 165 166 167 170 172 175 176 177 178 179 181 183 187 190 192 194 195 198 200 203 204 205 207 208 212 214 215 216 217 218 224 225 230 231 232 233 234 236 240 241 243 244 245 247 249
112 369 130 131 113 115 116 117 120 121 122 123 127 128 129 137 138 141 142 144 145 146 147 151 153 155 160 164 165 166 167 170 172 174 175 176 177 178 179 181 183 187 190 192 194 195 198 200 203 204 205 207 208 212 214 215 216 217 218 224 225 230 231 232 233 234 236 240 241 243 244 245 247 249
113 281 130 131 114 115 116 117 118 119 120 121 122 123 124 125 126 127 128 129 132 133 134 135 136 137 138 139 140 141 142 143 144 145 146 147 148 149 150 151 152 153 154 155 156 157 158 159 160 161 162 163 164 165 166 167 168 169 170 171 172 173 174 175 176 177 178 179 180 181 182 183 184 185 186 187 188 189 190 191 192 193 194 195 196 197 198 199 200 201 202 203 204 205 206 207 208 209 210 211 212 213 214 215 216 217 218 219 220 221 222 223 224 225 226 227 228 229 230 231 232 233 234 235 236 237 238 239 240 241 242 243 244 245 246 247 248 249
114 350 130 131 115 116 117 120 121 127 128 129 137 138 142 144 145 147 151 160 164 165 167 170 172 176 178 179 181 187 190 192 195 198 200 204 205 207 208 212 214 215 216 217 218 224 225 230 231 232 233 234 240 241 243 244 245 247
115 436 130 131 116 117 118 119 120 121 122 123 124 125 126 127 128 129 132 133 134 135 136 137 138 139 140 141 142 143 144 145 146 147 148 149 150 151 152 153 154 155 156 157 158 159 160 161 162 163 164 165 166 167 168 169 170 171 172 173 174 175 176 177 178 179 180 181 182 183 184 185 186 187 188 189 190 191 192 193 194 195 196 197 198 199 200 201 202 203 204 205 206 207 208 209 210 211 212 213 214 215 216 217 218 219 220 221 222 223 224 225 226 227 228 229 230 231 232 233 234 235 236 237 238 239 240 241 242 243 244 245 246 247 248 249
116 267 130 131 117 118 119 120 121 122 123 124 125 126 127 128 129 132 133 134 135 136 137 138 139 140 141 142 143 144 145 146 147 148 149 150 151 152 153 154 155 156 157 158 159 160 161 162 163 164 165 166 167 168 169 170 171 172 173 174 175 176 177 178 179 180 181 182 183 184 185 186 187 188 189 190 191 192 193 194 195 196 197 198 199 200 201 202 203 204 205 206 207 208 209 210 211 212 213 214 215 216 217 218 219 220 221 222 223 224 225 226 227 228 229 230 231 232 233 234 235 236 237 238 239 240 241 242 243 244 245 246 247 248 249
117 297 130 131 119 120 121 122 123 124 125 127 128 129 132 133 134 135 136 137 138 141 142 143 144 145 146 147 149 150 151 153 155 158 159 160 162 163 164 165 166 167 168 169 170 172 173 174 175 176 177 178 179 180 181 182 183 184 185 187 188 189 190 192 194 195 196 198 199 200 201 202 203 204 205 206 207 208 209 210 212 213 214 215 216 217 218 219 220 222 224 225 226 227 229 230 231 232 233 234 235 236 237 238 239 240 241 242 243 244 245 247 249
118 459 130 131 120 121 127 128 129 137 138 144 145 147 151 164 165 167 178 181 190 195 198 200 205 208 214 217 218 224 225 230 231 234 240 243 245 247
119 258 130 131 120 121 122 123 124 127 128 129 133 135 137 138 141 142 143 144 145 146 147 149 151 153 155 159 160 163 164 165 166 167 169 170 172 174 175 176 177 178 179 180 181 182 183 184 187 190 192 194 195 196 198 199 200 202 203 204 205 206 207 208 209 212 214 215 216 217 218 224 225 230 231 232 233 234 235 236 237 238 240 241 243 244 245 247 249
120 283 130 131 121 122 123 124 125 126 127 128 129 132 133 134 135 136 137 138 139 140 141 142 143 144 145 146 147 148 149 150 151 152 153 154 155 156 157 158 159 160 161 162 163 164 165 166 167 168 169 170 171 172 173 174 175 176 177 178 179 180 181 182 183 184 185 186 187 188 189 190 191 192 193 194 195 196 197 198 199 200 201 202 203 204 205 206 207 208 209 210 211 212 213 214 215 216 217 218 219 220 221 222 223 224 225 226 227 228 229 230 231 232 233 234 235 236 237 238 239 240 241 242 243 244 245 246 247 248 249
121 458 130 131 122 123 124 125 126 127 128 129 132 133 134 135 136 137 138 140 141 142 143 144 145 146 147 148 149 150 151 152 153 155 156 157 158 159 160 161 162 163 164 165 166 167 168 169 170 171 172 173 174 175 176 177 178 179 180 181 182 183 184 185 186 187 188 189 190 192 193 194 195 196 198 199 200 201 202 203 204 205 206 207 208 209 210 211 212 213 214 215 216 217 218 219 220 221 222 223 224 225 226 227 228 229 230 231 232 233 234 235 236 237 238 239 240 241 242 243 244 245 246 247 249
122 268 130 131 123 124 127 128 129 133 135 137 138 141 142 143 144 145 146 147 149 151 153 155 159 160 163 164 165 166 167 169 170 172 173 174 175 176 177 178 179 180 181 182 183 184 187 190 192 194 195 196 198 199 200 201 202 203 204 205 206 207 208 209 212 214 215 216 217 218 219 224 225 230 231 232 233 234 235 236 237 238 240 241 242 243 244 245 247 249
123 274 130 131 124 127 128 129 133 135 137 138 141 142 143 144 145 146 147 149 150 151 153 155 159 160 163 164 165 166 167 168 169 170 172 173 174 175 176 177 178 179 180 181 182 183 184 185 187 190 192 194 195 196 198 199 200 201 202 203 204 205 206 207 208 209 212 214 215 216 217 218 219 222 224 225 226 230 231 232 233 234 235 236 237 238 240 241 242 243 244 245 247 249
124 460 130 131 127 128 129 133 135 137 138 141 142 144 145 146 147 149 151 153 155 159 160 164 165 166 167 170 172 174 175 176 177 178 179 181 183 187 190 192 194 195 196 198 200 203 204 205 207 208 212 214 215 216 217 218 224 225 230 231 232 233 234 236 240 241 243 244 245 247 249
125 251 130 131 127 128 129 137 138 144 145 147 151 160 164 165 167 170 172 178 181 187 190 195 198 200 204 205 207 208 212 214 215 216 217 218 224 225 230 231 232 233 234 240 241 243 244 245 247
126 289 130 131 127 128 129 137 138 144 147 151 164 167 178 181 195 198 200 205 208 214 217 218 224 225 230 231 234 240 243 247
127 488 130 131 128 129 132 133 134 135 136 137 138 140 141 142 143 144 145 146 147 148 149 150 151 152 153 155 156 157 158 159 160 161 162 163 164 165 166 167 168 169 170 171 172 173 174 175 176 177 178 179 180 181 182 183 184 185 186 187 188 189 190 192 193 194 195 196 198 199 200 201 202 203 204 205 206 207 208 209 210 211 212 213 214 215 216 217 218 219 220 221 222 223 224 225 226 227 228 229 230 231 232 233 234 235 236 237 238 239 240 241 242 243 244 245 246 247 249
128 250 130 131 129 132 133 134 135 136 137 138 139 140 141 142 143 144 145 146 147 148 149 150 151 152 153 154 155 156 157 158 159 160 161 162 163 164 165 166 167 168 169 170 171 172 173 174 175 176 177 178 179 180 181 182 183 184 185 186 187 188 189 190 191 192 193 194 195 196 197 198 199 200 201 202 203 204 205 206 207 208 209 210 211 212 213 214 215 216 217 218 219 220 221 222 223 224 225 226 227 228 229 230 231 232 233 234 235 236 237 238 239 240 241 242 243 244 245 246 247 248 249
129 262 130 131 132 133 134 135 136 137 138 140 141 142 143 144 145 146 147 148 149 150 151 152 153 155 156 157 158 159 160 161 162 163 164 165 166 167 168 169 170 171 172 173 174 175 176 177 178 179 180 181 182 183 184 185 186 187 188 189 190 192 193 194 195 196 198 199 200 201 202 203 204 205 206 207 208 209 210 211 212 213 214 215 216 217 218 219 220 221 222 223 224 225 226 227 228 229 230 231 232 233 234 235 236 237 238 239 240 241 242 243 244 245 246 247 249
130 436 131 132 133 134 135 136 137 138 139 140 141 142 143 144 145 146 147 148 149 150 151 152 153 154 155 156 157 158 159 160 161 162 163 164 165 166 167 168 169 170 171 172 173 174 175 176 177 178 179 180 181 182 183 184 185 186 187 188 189 190 191 192 193 194 195 196 197 198 199 200 201 202 203 204 205 206 207 208 209 210 211 212 213 214 215 216 217 218 219 220 221 222 223 224 225 226 227 228 229 230 231 232 233 234 235 236 237 238 239 240 241 242 243 244 245 246 247 248 249
131 263 132 133 134 135 136 137 138 139 140 141 142 143 144 145 146 147 148 149 150 151 152 153 154 155 156 157 158 159 160 161 162 163 164 165 166 167 168 169 170 171 172 173 174 175 176 177 178 179 180 181 182 183 184 185 186 187 188 189 190 191 192 193 194 195 196 197 198 199 200 201 202 203 204 205 206 207 208 209 210 211 212 213 214 215 216 217 218 219 220 221 222 223 224 225 226 227 228 229 230 231 232 233 234 235 236 237 238 239 240 241 242 243 244 245 246 247 248 249
132 301 137 138 144 145 147 151 160 164 165 167 170 178 181 190 195 198 200 204 205 208 214 215 216 217 218 224 225 230 231 233 234 240 241 243 245 247
133 427 135 137 138 141 142 143 144 145 146 147 149 151 153 155 159 160 163 164 165 166 167 169 170 172 174 175 176 177 178 179 180 181 182 183 187 190 192 194 195 196 198 199 200 202 203 204 205 206 207 208 209 212 214 215 216 217 218 224 225 230 231 232 233 234 235 236 237 238 240 241 243 244 245 247 249
134 275 137 138 144 145 147 151 160 164 165 167 170 178 181 187 190 195 198 200 204 205 208 214 215 216 217 218 224 225 230 231 233 234 240 241 243 245 247
135 298 137 138 141 142 143 144 145 146 147 149 151 153 155 159 160 163 164 165 166 167 169 170 172 174 175 176 177 178 179 180 181 182 183 184 187 190 192 194 195 196 198 199 200 202 203 204 205 206 207 208 209 212 214 215 216 217 218 224 225 230 231 232 233 234 235 236 237 238 240 241 243 244 245 247 249
136 438 137 138 144 145 147 151 160 164 165 167 170 178 181 187 190 195 198 200 204 205 208 214 215 216 217 218 224 225 230 231 232 233 234 240 241 243 245 247
137 273 138 139 140 141 142 143 144 145 146 147 148 149 150 151 152 153 154 155 156 157 158 159 160 161 162 163 164 165 166 167 168 169 170 171 172 173 174 175 176 177 178 179 180 181 182 183 184 185 186 187 188 189 190 191 192 193 194 195 196 197 198 199 200 201 202 203 204 205 206 207 208 209 210 211 212 213 214 215 216 217 218 219 220 221 222 223 224 225 226 227 228 229 230 231 232 233 234 235 236 237 238 239 240 241 242 243 244 245 246 247 248 249
138 289 139 140 141 142 143 144 145 146 147 148 149 150 151 152 153 154 155 156 157 158 159 160 161 162 163 164 165 166 167 168 169 170 171 172 173 174 175 176 177 178 179 180 181 182 183 184 185 186 187 188 189 190 191 192 193 194 195 196 197 198 199 200 201 202 203 204 205 206 207 208 209 210 211 212 213 214 215 216 217 218 219 220 221 222 223 224 225 226 227 228 229 230 231 232 233 234 235 236 237 238 239 240 241 242 243 244 245 246 247 248 249
139 460 144 147 151 167 178 181 198 200 205 208 214 218 225 230 231 234 240 243 247
140 269 144 145 147 151 160 164 165 167 170 178 181 190 195 198 200 205 208 214 215 216 217 218 224 225 230 231 233 234 240 241 243 245 247
141 271 142 143 144 145 146 147 149 151 153 155 159 160 163 164 165 166 167 169 170 172 173 174 175 176 177 178 179 180 181 182 183 184 187 190 192 194 195 196 198 199 200 202 203 204 205 206 207 208 209 212 214 215 216 217 218 224 225 230 231 232 233 234 235 236 237 238 240 241 243 244 245 247 249
142 444 143 144 145 146 147 149 150 151 153 155 158 159 160 163 164 165 166 167 168 169 170 172 173 174 175 176 177 178 179 180 181 182 183 184 185 187 190 192 194 195 196 198 199 200 201 202 203 204 205 206 207 208 209 210 212 213 214 215 216 217 218 219 222 224 225 226 227 230 231 232 233 234 235 236 237 238 240 241 242 243 244 245 247 249
143 261 144 145 146 147 149 151 153 155 159 160 164 165 166 167 170 172 174 175 176 177 178 179 181 183 187 190 192 194 195 196 198 200 203 204 205 207 208 212 214 215 216 217 218 224 225 230 231 232 233 234 236 240 241 243 244 245 247 249
144 295 145 146 147 148 149 150 151 152 153 154 155 156 157 158 159 160 161 162 163 164 165 166 167 168 169 170 171 172 173 174 175 176 177 178 179 180 181 182 183 184 185 186 187 188 189 190 191 192 193 194 195 196 197 198 199 200 201 202 203 204 205 206 207 208 209 210 211 212 213 214 215 216 217 218 219 220 221 222 223 224 225 226 227 228 229 230 231 232 233 234 235 236 237 238 239 240 241 242 243 244 245 246 247 248 249
145 477 146 147 149 150 151 153 155 156 158 159 160 161 162 163 164 165 166 167 168 169 170 171 172 173 174 175 176 177 178 179 180 181 182 183 184 185 186 187 188 189 190 192 193 194 195 196 198 199 200 201 202 203 204 205 206 207 208 209 210 211 212 213 214 215 216 217 218 219 220 221 222 223 224 225 226 227 229 230 231 232 233 234 235 236 237 238 239 240 241 242 243 244 245 247 249
146 255 147 149 151 153 155 159 160 163 164 165 166 167 169 170 172 173 174 175 176 177 178 179 180 181 182 183 184 187 190 192 194 195 196 198 199 200 202 203 204 205 206 207 208 209 212 214 215 216 217 218 224 225 230 231 232 233 234 235 236 237 238 240 241 243 244 245 247 249
147 268 148 149 150 151 152 153 154 155 156 157 158 159 160 161 162 163 164 165 166 167 168 169 170 171 172 173 174 175 176 177 178 179 180 181 182 183 184 185 186 187 188 189 190 191 192 193 194 195 196 197 198 199 200 201 202 203 204 205 206 207 208 209 210 211 212 213 214 215 216 217 218 219 220 221 222 223 224 225 226 227 228 229 230 231 232 233 234 235 236 237 238 239 240 241 242 243 244 245 246 247 248 249
148 457 151 167 178 181 195 198 200 205 208 214 217 218 224 225 230 231 234 240 243 247
149 256 151 153 155 159 160 163 164 165 166 167 169 170 172 174 175 176 177 178 179 180 181 182 183 184 187 190 192 194 195 196 198 199 200 202 203 204 205 206 207 208 209 212 214 215 216 217 218 224 225 230 231 232 233 234 235 236 237 238 240 241 243 244 245 247 249
150 287 151 155 160 164 165 167 170 172 175 176 178 179 181 183 187 190 192 194 195 198 200 204 205 207 208 212 214 215 216 217 218 224 225 230 231 232 233 234 236 240 241 243 244 245 247 249
151 419 152 153 154 155 156 157 158 159 160 161 162 163 164 165 166 167 168 169 170 171 172 173 174 175 176 177 178 179 180 181 182 183 184 185 186 187 188 189 190 191 192 193 194 195 196 197 198 199 200 201 202 203 204 205 206 207 208 209 210 211 212 213 214 215 216 217 218 219 220 221 222 223 224 225 226 227 228 229 230 231 232 233 234 235 236 237 238 239 240 241 242 243 244 245 246 247 248 249
152 279 164 167 178 181 195 198 200 205 208 214 217 218 224 225 230 231 234 240 243 245 247
153 302 155 159 160 163 164 165 166 167 169 170 172 174 175 176 177 178 179 180 181 182 183 184 187 190 192 194 195 196 198 199 200 202 203 204 205 206 207 208 209 212 214 215 216 217 218 224 225 230 231 232 233 234 235 236 237 238 240 241 243 244 245 247 249
154 417 167 178 181 198 200 205 208 214 218 225 230 231 234 240 243 247
155 264 159 160 163 164 165 166 167 169 170 172 173 174 175 176 177 178 179 180 181 182 183 184 185 187 190 192 194 195 196 198 199 200 201 202 203 204 205 206 207 208 209 212 214 215 216 217 218 219 222 224 225 230 231 232 233 234 235 236 237 238 240 241 242 243 244 245 247 249
156 319 164 167 178 181 195 198 200 205 208 214 217 218 224 225 230 231 234 240 243 245 247
157 417 164 167 178 181 195 198 200 205 208 214 217 218 224 225 230 231 234 240 243 247
158 271 160 164 165 167 170 172 176 178 179 181 187 190 192 195 198 200 204 205 207 208 212 214 215 216 217 218 224 225 230 231 232 233 234 240 241 243 244 245 247
159 312 160 163 164 165 166 167 169 170 172 174 175 176 177 178 179 180 181 182 183 187 190 192 194 195 196 198 199 200 203 204 205 206 207 208 209 212 214 215 216 217 218 224 225 230 231 232 233 234 235 236 237 238 240 241 243 244 245 247 249
160 474 162 163 164 165 166 167 168 169 170 172 173 174 175 176 177 178 179 180 181 182 183 184 185 186 187 188 189 190 192 194 195 196 198 199 200 201 202 203 204 205 206 207 208 209 210 212 213 214 215 216 217 218 219 220 221 222 223 224 225 226 227 229 230 231 232 233 234 235 236 237 238 239 240 241 242 243 244 245 247 249
161 253 164 165 167 178 181 190 195 198 200 205 208 214 216 217 218 224 225 230 231 234 240 243 245 247
162 273 164 165 167 170 178 181 187 190 195 198 200 204 205 208 214 215 216 217 218 224 225 230 231 233 234 240 241 243 245 247
163 375 164 165 166 167 170 172 174 175 176 177 178 179 181 183 187 190 192 194 195 196 198 200 203 204 205 207 208 212 214 215 216 217 218 224 225 230 231 232 233 234 236 240 241 243 244 245 247 249
164 288 165 166 167 168 169 170 171 172 173 174 175 176 177 178 179 180 181 182 183 184 185 186 187 188 189 190 192 193 194 195 196 198 199 200 201 202 203 204 205 206 207 208 209 210 211 212 213 214 215 216 217 218 219 220 221 222 223 224 225 226 227 228 229 230 231 232 233 234 235 236 237 238 239 240 241 242 243 244 245 246 247 249
165 337 166 167 168 169 170 171 172 173 174 175 176 177 178 179 180 181 182 183 184 185 186 187 188 189 190 192 194 195 196 198 199 200 201 202 203 204 205 206 207 208 209 210 211 212 213 214 215 216 217 218 219 220 221 222 223 224 225 226 227 229 230 231 232 233 234 235 236 237 238 239 240 241 242 243 244 245 247 249
166 458 167 169 170 172 173 174 175 176 177 178 179 180 181 182 183 184 187 190 192 194 195 196 198 199 200 201 202 203 204 205 206 207 208 209 212 214 215 216 217 218 219 224 225 230 231 232 233 234 235 236 237 238 240 241 242 243 244 245 247 249
167 269 168 169 170 171 172 173 174 175 176 177 178 179 180 181 182 183 184 185 186 187 188 189 190 191 192 193 194 195 196 197 198 199 200 201 202 203 204 205 206 207 208 209 210 211 212 213 214 215 216 217 218 219 220 221 222 223 224 225 226 227 228 229 230 231 232 233 234 235 236 237 238 239 240 241 242 243 244 245 246 247 248 249
168 273 170 172 175 176 178 179 181 187 190 192 194 195 198 200 204 205 207 208 212 214 215 216 217 218 224 225 230 231 232 233 234 236 240 241 243 244 245 247
169 364 170 172 174 175 176 177 178 179 180 181 183 187 190 192 194 195 196 198 200 203 204 205 207 208 209 212 214 215 216 217 218 224 225 230 231 232 233 234 236 237 240 241 243 244 245 247 249
170 303 172 173 174 175 176 177 178 179 180 181 182 183 184 185 186 187 188 189 190 192 194 195 196 198 199 200 201 202 203 204 205 206 207 208 209 210 212 213 214 215 216 217 218 219 220 221 222 223 224 225 226 227 229 230 231 232 233 234 235 236 237 238 239 240 241 242 243 244 245 247 249
171 333 178 181 190 195 198 200 205 208 214 217 218 224 225 230 231 234 240 243 245 247
172 381 173 174 175 176 177 178 179 180 181 182 183 184 185 187 189 190 192 194 195 196 198 199 200 201 202 203 204 205 206 207 208 209 210 212 213 214 215 216 217 218 219 222 224 225 226 227 230 231 232 233 234 235 236 237 238 240 241 242 243 244 245 247 249
173 262 174 175 176 177 178 179 181 183 187 190 192 194 195 198 200 203 204 205 207 208 212 214 215 216 217 218 224 225 230 231 232 233 234 236 240 241 243 244 245 247 249
174 357 175 176 177 178 179 180 181 182 183 184 187 190 192 194 195 196 198 199 200 202 203 204 205 206 207 208 209 212 214 215 216 217 218 224 225 230 231 232 233 234 235 236 237 238 240 241 243 244 245 247 249
175 353 176 177 178 179 180 181 182 183 184 185 187 190 192 194 195 196 198 199 200 201 202 203 204 205 206 207 208 209 212 214 215 216 217 218 219 222 224 225 226 230 231 232 233 234 235 236 237 238 240 241 242 243 244 245 247 249
176 307 177 178 179 180 181 182 183 184 185 187 190 192 194 195 196 198 199 200 201 202 203 204 205 206 207 208 209 212 213 214 215 216 217 218 219 222 224 225 226 230 231 232 233 234 235 236 237 238 240 241 242 243 244 245 247 249
177 340 178 179 180 181 182 183 184 185 187 190 192 194 195 196 198 199 200 201 202 203 204 205 206 207 208 209 212 214 215 216 217 218 219 224 225 230 231 232 233 234 235 236 237 238 240 241 242 243 244 245 247 249
178 470 179 180 181 182 183 184 185 186 187 188 189 190 191 192 193 194 195 196 197 198 199 200 201 202 203 204 205 206 207 208 209 210 211 212 213 214 215 216 217 218 219 220 221 222 223 224 225 226 227 228 229 230 231 232 233 234 235 236 237 238 239 240 241 242 243 244 245 246 247 248 249
179 260 180 181 182 183 184 185 187 190 192 194 195 196 198 199 200 201 202 203 204 205 206 207 208 209 210 212 213 214 215 216 217 218 219 222 224 225 226 227 230 231 232 233 234 235 236 237 238 240 241 242 243 244 245 247 249
180 270 181 183 187 190 192 194 195 196 198 200 203 204 205 207 208 209 212 214 215 216 217 218 224 225 230 231 232 233 234 236 237 240 241 243 244 245 247 249
181 366 182 183 184 185 186 187 188 189 190 191 192 193 194 195 196 197 198 199 200 201 202 203 204 205 206 207 208 209 210 211 212 213 214 215 216 217 218 219 220 221 222 223 224 225 226 227 228 229 230 231 232 233 234 235 236 237 238 239 240 241 242 243 244 245 246 247 248 249
182 289 183 187 190 192 194 195 196 198 200 203 204 205 207 208 212 214 215 216 217 218 224 225 230 231 232 233 234 236 240 241 243 244 245 247 249
183 345 184 185 187 190 192 194 195 196 198 199 200 201 202 203 204 205 206 207 208 209 212 214 215 216 217 218 219 224 225 230 231 232 233 234 235 236 237 238 240 241 242 243 244 245 247 249
184 384 187 190 192 194 195 198 200 203 204 205 207 208 212 214 215 216 217 218 224 225 230 231 232 233 234 236 240 241 243 244 245 247 249
185 264 187 190 192 194 195 198 200 204 205 207 208 212 214 215 216 217 218 224 225 230 231 232 233 234 236 240 241 243 244 245 247 249
186 352 190 195 198 200 205 208 214 216 217 218 224 225 230 231 233 234 240 241 243 245 247
187 369 188 189 190 192 194 195 196 198 199 200 201 202 203 204 205 206 207 208 209 210 212 213 214 215 216 217 218 219 220 222 224 225 226 227 229 230 231 232 233 234 235 236 237 238 240 241 242 243 244 245 247 249
188 259 190 195 198 200 204 205 208 214 215 216 217 218 224 225 230 231 233 234 240 241 243 245 247
189 372 190 192 195 198 200 204 205 207 208 212 214 215 216 217 218 224 225 230 231 232 233 234 240 241 243 244 245 247
190 470 192 194 195 196 198 199 200 201 202 203 204 205 206 207 208 209 210 211 212 213 214 215 216 217 218 219 220 221 222 223 224 225 226 227 229 230 231 232 233 234 235 236 237 238 239 240 241 242 243 244 245 247 249
191 255 198 200 205 208 214 218 225 230 231 234 240 243 247
192 275 194 195 196 198 199 200 201 202 203 204 205 206 207 208 209 210 212 213 214 215 216 217 218 219 222 224 225 226 227 230 231 232 233 234 235 236 237 238 240 241 242 243 244 245 247 249
193 471 195 198 200 205 208 214 217 218 224 225 230 231 234 240 243 245 247
194 255 195 196 198 199 200 201 202 203 204 205 206 207 208 209 212 213 214 215 216 217 218 219 222 224 225 226 230 231 232 233 234 235 236 237 238 240 241 242 243 244 245 247 249
195 274 196 198 199 200 201 202 203 204 205 206 207 208 209 210 211 212 213 214 215 216 217 218 219 220 221 222 223 224 225 226 227 228 229 230 231 232 233 234 235 236 237 238 239 240 241 242 243 244 245 246 247 249
196 424 198 199 200 203 204 205 206 207 208 209 212 214 215 216 217 218 224 225 230 231 232 233 234 235 236 237 238 240 241 243 244 245 247 249
197 280 198 200 205 208 214 218 225 230 231 234 240 243 247
198 296 199 200 201 202 203 204 205 206 207 208 209 210 211 212 213 214 215 216 217 218 219 220 221 222 223 224 225 226 227 228 229 230 231 232 233 234 235 236 237 238 239 240 241 242 243 244 245 246 247 248 249
199 440 200 203 204 205 207 208 212 214 215 216 217 218 224 225 230 231 232 233 234 236 240 241 243 244 245 247 249
200 269 201 202 203 204 205 206 207 208 209 210 211 212 213 214 215 216 217 218 219 220 221 222 223 224 225 226 227 228 229 230 231 232 233 234 235 236 237 238 239 240 241 242 243 244 245 246 247 248 249
201 291 203 204 205 207 208 212 214 215 216 217 218 224 225 230 231 232 233 234 236 240 241 243 244 245 247 249
202 386 203 204 205 207 208 212 214 215 216 217 218 224 225 230 231 232 233 234 236 240 241 243 244 245 247 249
203 250 204 205 206 207 208 209 212 214 215 216 217 218 219 224 225 230 231 232 233 234 235 236 237 238 240 241 242 243 244 245 247 249
204 364 205 206 207 208 209 210 212 213 214 215 216 217 218 219 220 222 224 225 226 227 229 230 231 232 233 234 235 236 237 238 240 241 242 243 244 245 247 249
205 460 206 207 208 209 210 211 212 213 214 215 216 217 218 219 220 221 222 223 224 225 226 227 228 229 230 231 232 233 234 235 236 237 238 239 240 241 242 243 244 245 246 247 248 249
206 255 207 208 212 214 215 216 217 218 224 225 230 231 232 233 234 236 240 241 243 244 245 247 249
207 285 208 209 210 212 213 214 215 216 217 218 219 220 222 224 225 226 227 230 231 232 233 234 235 236 237 238 240 241 242 243 244 245 247 249
208 376 209 210 211 212 213 214 215 216 217 218 219 220 221 222 223 224 225 226 227 228 229 230 231 232 233 234 235 236 237 238 239 240 241 242 243 244 245 246 247 248 249
209 292 212 214 215 216 217 218 224 225 230 231 232 233 234 236 237 240 241 243 244 245 247 249
210 332 212 214 215 216 217 218 224 225 230 231 232 233 234 240 241 243 244 245 247
211 356 214 216 217 218 224 225 230 231 234 240 243 245 247
212 303 213 214 215 216 217 218 219 220 222 224 225 226 227 230 231 232 233 234 235 236 237 238 240 241 242 243 244 245 247 249
213 341 214 215 216 217 218 224 225 230 231 232 233 234 240 241 243 244 245 247
214 480 215 216 217 218 219 220 221 222 223 224 225 226 227 228 229 230 231 232 233 234 235 236 237 238 239 240 241 242 243 244 245 246 247 248 249
215 257 216 217 218 219 220 222 224 225 226 227 229 230 231 232 233 234 235 236 237 238 239 240 241 242 243 244 245 247 249
216 263 217 218 219 220 221 222 223 224 225 226 227 229 230 231 232 233 234 235 236 237 238 239 240 241 242 243 244 245 247 249
217 424 218 219 220 221 222 223 224 225 226 227 228 229 230 231 232 233 234 235 236 237 238 239 240 241 242 243 244 245 246 247 249
218 268 219 220 221 222 223 224 225 226 227 228 229 230 231 232 233 234 235 236 237 238 239 240 241 242 243 244 245 246 247 248 249
219 308 224 225 230 231 232 233 234 236 240 241 243 244 245 247 249
220 370 224 225 230 231 232 233 234 240 241 243 244 245 247
221 275 224 225 230 231 233 234 240 241 243 245 247
222 355 224 225 230 231 232 233 234 236 240 241 243 244 245 247 249
223 494 224 225 230 231 233 234 240 241 243 245 247
224 250 225 226 227 228 229 230 231 232 233 234 235 236 237 238 239 240 241 242 243 244 245 246 247 249
225 256 226 227 228 229 230 231 232 233 234 235 236 237 238 239 240 241 242 243 244 245 246 247 248 249
226 434 230 231 232 233 234 240 241 243 244 245 247
227 264 230 231 232 233 234 240 241 243 244 245 247
228 302 230 231 234 240 243 247
229 463 230 231 233 234 240 241 243 245 247
230 267 231 232 233 234 235 236 237 238 239 240 241 242 243 244 245 246 247 248 249
231 270 232 233 234 235 236 237 238 239 240 241 242 243 244 245 246 247 248 249
232 411 233 234 235 236 237 238 240 241 242 243 244 245 247 249
233 280 234 235 236 237 238 239 240 241 242 243 244 245 247 249
234 309 235 236 237 238 239 240 241 242 243 244 245 246 247 248 249
235 427 236 240 241 243 244 245 247 249
236 255 237 238 240 241 242 243 244 245 247 249
237 318 240 241 243 244 245 247 249
238 466 240 241 243 244 245 247 249
239 259 240 241 243 245 247
240 275 241 242 243 244 245 246 247 248 249
241 491 242 243 244 245 247 249
242 252 243 244 245 247 249
243 257 244 245 246 247 248 249
244 400 245 247 249
245 286 246 247 249
246 314 247
247 446 248 249
248 260
249 294
