120 150
1 20 114 107 21 7 9 56 52 94 76 62 50 66 113 120 15 64 30 72 112 31 96 115 35 86 47 100 69 5 43 93 119 101 48 24 117 83 91 17 81 98 78 111 99 68 55 103 26 87 105 57 39 95 49 11 16 22 27
2 55 46 49 44 16 118 28 83 40 29 19 13 109 69 47 108 114 74 95 41 78 34 23 91 71 57 33 17 87 111 45 106 85 5 77 93 21 96 4 100 62 31 68 64 63 3 112 15 25 6 27 12 67 37 50 113 35 110 24 18 86
3 34 76 71 14 52 27 78 26 22 69 44 110 51 37 73 46 80 30 94 92 42 62 103 88 45 29 41 23 83 118 58 72 99 106 19 74 91 64 60 119 87 7 32 38 11 66 6 112 95 100 67 93 55 105 33 84 47 86 10 68 120 63 13
4 77 5 109 17 97 12 28 110 39 36 55 113 23 96 32 22 6 82 43 107 46 86 94 117 111 114 104 44 25 68 29 119 45 48 30 41 60 66 13 72 27 78 108 118 102 89 116 67 16 34 19 9 73 99 79 26 105 21 87 88 52 85 63 81 74 7
5 53 6 91 32 55 96 17 10 113 87 66 7 104 49 23 78 101 92 29 62 112 106 52 98 26 73 89 94 116 74 120 99 108 19 12 9 33 93 58 39 44 111 90 54 56 13 18 95 21 30 34 27 64 47 16 110 105 38 72 40 45 114 82 59
6 76 83 64 60 37 119 25 106 10 52 33 107 19 44 56 63 53 82 77 75 55 16 18 40 46 21 72 24 27 38 98 28 15 76 88 48 47 117 42 35 100 74 9 109 11 96 30 104 92 103 20 36
7 23 111 117 76 13 86 33 84 25 106 18 58 65 74 42 54 16 80 57 41 98 19 120 17 81 8 60 55 92 102 50 11 118 48 14 73 27 64 53 32 26 103 95 112 61 49 114 30 113 104 21 91 119 97
8 76 43 109 49 37 79 15 74 92 12 86 111 110 98 103 18 112 95 24 69 14 54 53 87 106 117 33 60 26 28 115 55 52 17 116 66 113 25 34 9 61 90 97 91 58 70 63 21 85 114 16 118 39 68 93 27 65 45 50 67
9 47 72 23 66 88 84 75 92 42 14 10 32 24 74 87 79 47 13 100 33 95 80 63 35 15 29 68 18 49 52 104 106 91 60 103 20 108 53 65 16 96 83 70 62 37 71 69 112 90 45 51 97
10 65 66 108 87 36 74 117 12 93 13 52 113 73 120 51 111 31 82 35 71 103 15 95 72 65 91 42 112 34 100 104 119 39 59 116 69 78 106 92 62 19 45 96 83 81 60 14 118 64 77 56 85 101 24 61 70 49 33 44 79
11 82 26 89 24 83 21 13 57 62 51 76 94 113 118 12 70 108 63 66 117 35 85 34 23 82 92 95 59 56 27 64 120 39 65 37 81 38 36 99 41 46 67 97 32 31 86 53 47 55 52 109
12 71 20 62 117 101 22 111 39 38 118 29 27 110 42 78 40 50 31 96 72 84 87 14 107 86 66 82 49 104 92 19 102 91 54 77 17 120 64 89 63 114 15 13 41 98 56 71 28 94
13 21 98 109 24 27 40 36 32 20 73 60 39 108 63 90 117 35 14 84 102 78 86 87 28 50 115 82 81 100 120 52 64 75 79 111 43 55 53 93 23 101 71 65 15 67 47 17 48 104 94 51 34 74 107 119 114
14 70 42 38 31 27 65 67 37 29 106 21 32 64 89 107 63 45 40 56 50 98 69 58 17 113 119 52 88 82 101 115 53 49 105 75 81 90 74 76 79 41 104 15 95 73 118 94 44 78 72 91 59 103 120 77 24 116 62
15 81 116 83 44 58 102 32 49 61 95 55 21 97 60 43 67 111 109 27 113 16 115 29 63 40 25 75 88 103 33 76 112 42 66 28 118 82 31 68 41 92 105 30 104 117 120 100 110 119 48 19 56 91 70 89 47 53 38 17 45 84
16 85 95 21 98 51 79 80 92 73 117 60 58 24 89 57 118 53 85 50 103 84 105 26 63 106 56 52 30 59 102 76 100 54 17 87 25 40 107 43 61 33 62 20 38 64 34 113 66 93 28 96 70 37 94 104 29 81 101
17 22 20 19 49 41 35 27 43 97 75 98 76 56 113 29 104 31 23 36 47 80 55 102 94 72 91 46 106 42 115 52 18 30 50 26 45 40 109 28 93 103 58 85 34 54 96 38 114 82 21 87 68
18 26 71 29 76 59 23 36 51 47 19 93 62 109 46 83 87 28 41 66 78 84 54 61 69 110 108 24 25 64 97 114 82 26 115 81 63 116 112 102 50 60 33 74 42 49 113 57
19 34 37 89 108 65 53 79 107 120 73 55 40 78 66 117 111 21 70 52 112 60 63 119 98 74 61 80 35 43 94 31 100 77 93 84 23 71 82 92 95 75 62 29 68 45 115 116 86 28 88
20 93 47 86 94 71 23 48 120 27 119 57 24 107 74 117 29 68 110 31 111 64 84 49 100 103 66 87 76 41 40 34 21 28 85 22 61 52 79 59 98 102 58 43 113 45 112 91 33 72
21 24 59 109 76 79 29 108 71 107 84 30 102 58 82 73 66 106 33 78 105 26 86 100 40 52 54 68 25 45 22 34 101 44 63 27 39 61 69 120 99 92 119
22 49 47 43 72 113 94 74 34 26 116 115 59 89 107 69 98 49 75 63 60 99 27 87 28 46 67 62 84 103 80 32 81 90 117 92 53 91 102 24 42 30 85 110 25 36 93 68 79 104 50 120 57
23 70 89 73 48 52 38 93 119 109 80 78 85 71 28 33 70 103 63 110 49 50 79 39 116 83 44 35 90 115 95 66 105 68 37 107 82 62 118 34 31 74 108 76 57 106 72 42 61 51
24 29 65 58 53 77 109 80 30 59 63 73 97 60 36 87 49 115 37 76 88 40 50 93 32 78 96 46 67 43 111 38 108 52 101 114 44 62 61 54 39 86 75 70 85 81 89 51 102 95 68 66
25 94 107 72 80 59 92 98 31 85 88 65 26 42 48 66 109 32 81 78 94 61 79 102 100 35 67 52 116 114 106 103 74 73 117 63 119 99 82 89 29 90 93 60 76 108 91 68 105 27 46 112 75
26 49 106 114 38 105 50 85 64 110 76 44 41 107 28 54 119 58 56 118 37 111 86 59 74 79 62 93 116 102 75 45 72 87 52 47 115 65 71 48 104 53 61 92 42
27 56 79 90 82 83 119 51 89 30 96 38 32 105 40 101 117 37 100 108 58 95 72 81 76 98 93 61 110 118 55 68 115 104 107 64 67 45 113 91 65 71 106 56 86 33 57 85
28 40 80 70 43 118 119 79 67 68 36 33 48 64 35 74 98 104 97 110 42 113 30 59 92 77 107 39 115 38 90 37 47 54 100 52 111 109 96 72 81 108 117 56 61 99 44 120 46 83 86 106 53 60
29 60 53 116 34 44 86 67 46 64 91 108 63 55 36 104 49 88 100 103 84 110 74 113 92 106 96 97 85 59 45 98 57 93 39 95 42 33 118 70 120 56 47 78 115 81 61 99
30 40 82 105 111 119 32 96 109 49 37 95 70 106 59 79 92 65 41 69 107 103 39 104 99 80 68 77 34 81 74 45 57 47 56 89 63 114 51 50 116 118 93 61 40 86 97 66
31 77 78 37 97 43 112 87 109 55 117 92 60 36 107 39 57 34 70 64 74 94 72 85 98 84 90 61 56 114 46 80 33 71 113
32 61 113 95 91 33 59 71 111 58 108 75 43 51 73 78 42 62 92 76 88 80 38 37 65 106 39 112 99 93 40 46 56 72 41 110 82 63 102 96 48 54 89 57 44 104 79 116 74 94 107 105 81 98
33 76 74 105 93 42 114 116 43 47 112 34 95 100 64 71 50 59 36 115 63 111 79 57 98 56 86 89 120 94 48 58 76 72 37 67 101 35 85 45 81 92 84
34 91 88 37 111 61 112 103 108 63 107 113 41 39 54 64 118 62 56 66 42 106 48 43 101 46 87 53 65 102 72 35 97 117 76 86 120 58 70 44 74 38 94 84 73 83
35 37 69 67 66 106 38 70 110 36 93 54 56 95 73 89 65 68 75 99 97 86 101 87 62 98 120 94 55 43 82 96 74 60 37 90 109 44 64 119 48 116 91
36 44 87 76 110 46 72 85 60 88 120 65 71 102 74 59 67 78 37 44 62 81 68 103 94 69 90 108 104 82 80 61 100 91 48 119 111 98 86 55 92 97 41 116 58 105 51 43
37 82 57 109 78 113 90 43 102 72 39 118 58 116 62 115 105 47 79 83 75 71 45 66 63 98 59 50 107 41 110 69 48 68 61 96 88 92 104 85 120 87 52 74 119 94 108
38 56 90 112 76 45 70 66 99 77 43 62 95 69 104 53 75 61 74 83 55 50 102 84 110 107 40 91 98 65 105 64 114 46 44 108
39 35 108 62 69 111 45 82 77 49 60 99 55 107 81 112 73 93 89 51 104 100 42 40 79 109 59 106 48 50 92 57 53 116 58 71 80 95
40 45 79 98 82 85 41 70 71 58 50 120 106 52 100 78 87 84 117 119 67 104 64 92 60 109 51 103 115 105 94 86 107 73 108 83 49 56 97 81 68 113 111 43 112
41 20 101 89 118 46 77 53 74 87 115 65 85 83 80 72 94 103 111 55 104 62 63 58 69 98 97 84 113 110 45 86 116 119 100 52 99 88 44 48 61 108 91
42 33 56 88 119 80 68 52 89 81 78 61 90 83 63 55 74 76 101 47 54 49 72 53 111 86 117 112 110 77 100 64 84 113 66 105 94 91 45 79 85 65 104
43 96 96 60 65 67 73 113 75 101 57 78 85 72 114 71 69 79 50 47 54 110 62 116 90 82 58 61 107 105 118 117 92 99 74 44
44 21 73 100 76 102 63 45 75 56 90 120 82 91 46 80 67 81 53 103 69 113 89 106 74 88 72 105 52 70 107 60
45 83 50 114 102 95 88 93 96 81 116 46 82 109 108 55 105 77 65 83 70 75 98 111 48 112 66 67 56 86 69 103 113 104 72 76 87 60 58 119 59 52 99 73
46 92 90 110 84 64 85 66 60 72 68 79 47 67 118 73 55 101 120 81 65 100 112 114 74 95 57 108 83 48 89 111 116 51 80 70 99 88 52 76 49 58 86 105
47 87 97 116 117 96 85 81 111 108 95 91 120 80 62 113 101 58 63 48 103 83 94 65 106 89 109 105 107 51 70 119 118 68 59 52 61 64
48 20 75 95 60 99 97 115 62 120 111 106 54 64 59 55 63 58 113 66 71 109 90 104 119 80 73 82 117 56 114 52 85 108 65 86 87 112 68
49 99 120 52 116 114 92 98 59 68 95 53 103 81 78 58 65 105 90 91 74 70 60 73 66 63 86 119 97 109 94 62 87 106 85
50 36 94 88 69 114 70 55 71 82 58 60 115 81 89 68 75 111 105 102 87 66 73 93 90 72 59 91 96 61 120 79 64
51 93 94 111 62 54 120 102 60 65 84 76 89 116 83 103 105 107 85 77 70 117 88 69 98 79 61 114 72 109 80 58 57 71
52 22 104 75 65 77 95 64 108 116 63 60 94 57 66 82 71 119 99 112 120 74 72 88 97 92 91 78 53
53 65 97 120 77 102 94 87 73 57 98 112 116 78 75 63 104 108 110 61 84 117 111 88 69 119 60 54 65 83 82 59 96 62 99 106 118 70
54 62 111 96 110 89 78 116 109 104 74 83 113 58 69 56 73 86 120 68 103 99 62 114 100 79 97 119 118 64 67 59 98 55 61 91
55 31 78 84 112 96 61 110 101 100 116 98 86 119 120 66 58 69 105 74 102 56 73 85 70 88 82 99 94 106 63 117 64 91 90
56 74 63 118 79 108 71 92 60 69 66 112 102 97 110 82 116 57 64 80 94 111 84 117 99 74 113 76 93 98 72 103
57 27 86 84 77 80 94 74 65 91 116 71 111 118 78 104 87 106 67 98 113 115 102 96 108 79 114 81 99 61 95 100 60 69 85
58 67 62 97 100 88 94 98 114 75 112 77 108 96 66 101 59 113 99 78 117 71 84 69 68 60 87 79 81 116 102 72 89 70 115 82
59 94 105 93 94 111 99 101 76 114 90 117 80 75 64 109 96 68 74 78 100 69 97 92 91 67 71 95 120 112 113 108 104 62
60 67 106 96 77 119 61 70 92 118 87 75 113 110 114 100 89 84 72 99 81 109 74 88 94 67 79 69 85
61 87 108 116 82 109 90 95 68 80 88 79 63 117 104 83 73 81 62 101 119 69 74 94 84 65 118 105 66 89 70 103
62 86 95 99 77 115 75 71 74 100 117 101 104 118 81 112 114 110 120 94 87 91 65 92 70 108 72 116 69 80 102 67 73 66
63 43 76 108 92 93 78 114 69 65 91 87 104 72 64 82 75 101 102 105 77 81 109 99 118 112 117 111 83
64 78 95 111 72 84 119 120 65 78 101 104 77 94 110 96 74 98 106 107 118 69 87 67 102 70 105 73 97 100 83 86 79
65 76 120 116 71 88 108 77 119 90 117 113 96 118 82 81 76 101 74 70 75 107 99 109
66 76 97 98 119 69 84 113 102 74 85 120 78 103 107 96 81 105 79 90 82 72 111 88 108 117 86 104 116 70
67 38 99 105 102 120 100 92 85 94 111 112 81 109 106 119 115 103 77 74 69 108 73 88 86
68 58 83 76 80 78 89 105 74 106 81 72 70 84 100 120 87 117 103 75 95 86 112 119
69 32 116 102 120 70 92 97 94 95 108 99 93 100 71 117 74 86 110 76 119 73 112 80 109 101 111 77 113 82
70 69 94 111 84 102 97 92 73 91 103 80 109 83 88 95 76 100 90 118 119 117 106 78 101 87 112 72 75 115
71 99 76 88 109 97 93 75 89 99 92 95 79 118 114 116 82 77 96 120 103 86 108
72 48 97 76 96 111 103 90 117 110 78 98 93 112 99 91 84 115 75 95 116 73 82 85 88 113 94 89
73 82 112 119 76 116 74 81 89 75 79 106 94 100 104 80 86 105 108 85 84 107 77 82 97 101 91 103 78 96 99 90
74 94 114 75 109 86 117 99 94 105 97 116 102 88 106 89 85 108 118 103 80 98 95 110 76 81 91 82
75 50 95 78 87 98 118 116 86 112 83 119 88 113 108 85 91 92 104 105 107 100 84 81 82 109 106
76 80 87 96 116 88 103 100 91 81 118 79 105 108 104 83 111 90 92 95 110 82
77 86 97 84 118 114 113 109 96 100 116 91 112 99 88 86 78 98 119 81 120 95 107 82 94 101
78 52 98 100 110 84 99 111 118 113 108 80 112 90 95 86 105 119 109 82 89 102 85 79
79 81 82 95 112 90 81 87 100 101 102 94 88 103 105 120 80
80 84 98 120 95 111 113 96 106 82 108 100 81 99 102 87 103 105 107 109 119 84 94
81 84 109 96 92 90 87 89 101 85 100 119 116 120 112 84 82 99
82 73 102 103 85 90 105 97 94 117 119 107 109 104 108 93 115 86 120
83 21 107 84 109 114 94 92 102 86 111 96 108 112 95 104 106
84 64 117 95 114 100 99 94 93 108 115 88 98 118 102 86 106 110 111 104
85 51 105 113 111 104 118 107 87 97 93 114 120 86 100 117 103 106
86 32 99 90 88 116 118 111 93 94 112 107 119 104 114 108 97 98 109 96 101
87 38 111 102 100 107 115 89 91 117 99 98 88 97 94 101 105 118
88 58 100 119 106 91 99 116 103 95 97 107 114 115 108 105 94 96 117 90 118 101
89 95 116 120 95 98 100 94 114 101 104 90 103 97 115 92 99
90 47 102 107 98 110 92 108 106 103 99 116 114 109 118
91 40 92 94 114 100 103 107 102 119 106 112 96 116 110 113
92 97 103 93 120 106 108 102 109 100 114 99 107 116 110 118
93 33 106 107 104 111 100 102 113 115 101 119 99 110 118 108 103 109
94 64 105 120 113 110 114 101 111 109 103 119 96 117
95 91 113 109 103 119 117 98 97 104 112 116 120 107 110 118
96 24 105 119 116 114 100 110 98 102 118 120 106 108 112 107
97 39 107 111 120 118 102 114 105 113 115 106 103 112 104 108
98 28 111 110 106 112 114 115 120 102 118 105 100 103 117
99 78 107 120 112 102 113 115 105 117 103 119 104
100 67 112 111 115 117 108 119 101 106 102
101 77 117 116 115 105 111 109 106 113
102 76 104 103 112 110 111 114 118 120 109
103 96 106 119 116 109 120 105 110
104 75 111 107 110 118 120 114 106 117
105 86 108 120 117 112 109 118 107 114 115 119
106 61 112 113 115 119 109 118 108 111 117 110 120
107 54 113 108 117 114 115
108 87 113 112 110 114 116 119
109 28 110 116 112 111 114 120 119 115
110 34 115 119 116 111
111 70 118 119 112 120 116 117
112 92 117 119 113
113 23 116 118
114 71 119 116 117
115 55 118 120 117 116
116 54 120 117 118
117 99
118 89
119 92 120
120 93
