500 150
1 67 44 52 54 79 88 91 95 140 143 159 185 187 256 282 287 292 297 326 338 362 374 386 390 424 457 468 471 487 498 500
2 25
3 24 5 7 9 13 24 26 29 30 33 66 39 40 42 43 44 46 47 49 50 51 52 53 54 58 61 62 65 73 74 75 77 79 81 88 91 92 93 95 97 99 104 106 113 114 117 121 123 124 258 262 134 137 138 140 141 142 143 146 150 154 155 157 158 159 160 161 163 164 167 168 169 171 173 175 179 183 185 187 189 192 194 195 196 199 200 201 204 206 210 211 215 218 227 228 229 232 236 237 240 242 244 246 249 254 256 265 270 272 279 280 281 282 283 284 286 287 288 292 297 302 304 306 311 312 314 316 317 319 324 326 330 332 334 338 341 343 347 350 351 353 355 358 359 360 361 362 364 366 367 371 373 374 379 381 386 388 390 394 398 401 405 406 408 417 418 420 422 424 429 430 431 433 434 436 437 438 441 443 445 446 447 448 450 452 457 460 462 466 467 468 471 472 474 477 478 480 485 486 487 490 497 498 499 500
4 33
5 75 7 30 33 39 40 43 44 47 52 53 54 62 73 74 75 77 79 81 88 91 93 95 97 106 114 117 121 124 262 138 140 142 143 154 157 158 159 161 163 164 167 168 171 179 183 185 187 189 192 194 195 196 201 204 211 215 218 228 232 236 237 242 244 246 256 265 272 281 282 284 287 288 292 297 306 311 312 316 326 332 338 347 350 351 353 359 360 361 362 366 371 373 374 381 386 388 390 394 405 420 424 433 438 443 445 446 447 457 460 462 468 471 472 474 485 486 487 490 498 499 500
6 71
7 38 9 13 19 24 26 29 30 33 66 37 39 40 42 43 44 46 47 49 50 51 52 53 54 58 61 62 65 70 73 74 75 77 79 81 87 88 91 92 93 95 97 99 100 104 106 113 114 117 121 123 124 126 258 262 134 137 138 140 141 142 143 146 150 154 155 157 158 159 160 161 163 164 167 168 169 171 173 174 175 177 179 183 185 187 189 192 194 195 196 199 200 201 204 206 208 210 211 215 218 227 228 229 232 236 237 238 240 242 244 246 249 254 256 265 270 272 277 279 280 281 282 283 284 286 287 288 292 297 302 304 306 311 312 314 316 317 319 324 326 330 332 334 338 341 342 343 347 350 351 353 355 356 358 359 360 361 362 364 366 367 371 373 374 379 381 386 388 390 394 398 401 405 406 408 417 418 420 422 424 426 429 430 431 433 434 436 437 438 439 441 443 445 446 447 448 450 452 457 460 462 466 467 468 471 472 474 477 478 480 485 486 487 490 497 498 499 500
8 24
9 62 30 33 39 40 43 44 52 54 74 75 77 79 88 91 93 95 97 106 114 117 121 124 262 138 140 143 154 157 158 159 161 163 164 171 179 185 187 194 195 196 201 211 215 228 232 237 242 256 265 272 282 287 288 292 297 306 312 316 326 338 350 351 359 360 362 366 371 373 374 386 388 390 394 405 420 424 433 438 445 446 457 468 471 472 474 486 487 498 499 500
10 71 44 140 159 185 256 287 297 326 374 424
11 88
12 83
13 34 30 33 39 40 43 44 47 49 52 53 54 62 73 74 75 77 79 81 88 91 93 95 97 106 114 117 121 124 262 134 138 140 142 143 154 157 158 159 161 163 164 167 168 171 179 183 185 187 189 192 194 195 196 201 204 206 211 215 218 228 232 236 237 242 244 246 256 265 272 281 282 284 287 288 292 297 306 311 312 316 326 330 332 338 347 350 351 353 359 360 361 362 366 371 373 374 379 381 386 388 390 394 405 408 420 424 433 434 437 438 443 445 446 447 457 460 462 468 471 472 474 485 486 487 490 498 499 500
14 49
15 91
16 34
17 33 44
18 38 44 256 297
19 85 30 33 39 43 44 52 54 77 79 88 91 93 95 106 114 117 124 262 138 140 143 154 159 161 163 171 179 185 187 194 195 196 201 211 215 228 237 242 256 265 282 287 288 292 297 306 312 316 326 338 351 359 360 362 366 371 373 374 386 388 390 405 420 424 438 446 457 468 471 486 487 498 500
20 83
21 39
22 68 33 39 44 52 54 79 88 91 95 106 114 140 143 159 185 187 194 237 256 282 287 288 292 297 326 338 362 373 374 386 390 424 457 468 471 486 487 498 500
23 33 33 39 44 52 54 79 88 91 95 106 114 140 143 159 185 187 194 237 256 282 287 288 292 297 326 338 362 373 374 386 390 424 457 468 471 486 487 498 500
24 99 30 33 39 40 43 44 47 52 54 74 75 77 79 88 91 93 95 97 106 114 117 121 124 262 138 140 142 143 154 157 158 159 161 163 164 167 171 179 183 185 187 189 192 194 195 196 201 204 211 215 218 228 232 237 242 256 265 272 282 287 288 292 297 306 311 312 316 326 332 338 350 351 359 360 361 362 366 371 373 374 386 388 390 394 405 420 424 433 438 445 446 447 457 460 462 468 471 472 474 486 487 498 499 500
25 41 44 88 140 159 185 256 282 287 292 297 326 362 374 386 424 457 471
26 47 29 30 33 39 40 42 43 44 47 49 52 53 54 62 73 74 75 77 79 81 88 91 93 95 97 99 106 114 117 121 124 262 134 138 140 142 143 154 157 158 159 161 163 164 167 168 171 179 183 185 187 189 192 194 195 196 199 201 204 206 211 215 218 228 232 236 237 242 244 246 256 265 272 281 282 284 287 288 292 297 306 311 312 314 316 319 326 330 332 334 338 347 350 351 353 359 360 361 362 366 371 373 374 379 381 386 388 390 394 405 408 420 424 429 430 433 434 437 438 441 443 445 446 447 457 460 462 468 471 472 474 480 485 486 487 490 498 499 500
27 24
28 32
29 25 30 33 39 40 42 43 44 47 49 52 53 54 62 65 73 74 75 77 79 81 88 91 93 95 97 99 104 106 114 117 121 124 262 134 138 140 142 143 154 157 158 159 161 163 164 167 168 171 179 183 185 187 189 192 194 195 196 199 201 204 206 211 215 218 228 229 232 236 237 242 244 246 256 265 272 281 282 283 284 287 288 292 297 306 311 312 314 316 319 326 330 332 334 338 347 350 351 353 359 360 361 362 366 371 373 374 379 381 386 388 390 394 398 401 405 408 420 424 429 430 433 434 436 437 438 441 443 445 446 447 457 460 462 468 471 472 474 480 485 486 487 490 498 499 500
30 98 33 66 37 39 40 42 43 44 46 47 49 50 51 52 53 54 58 61 62 65 73 74 75 77 79 81 87 88 91 92 93 95 97 99 104 106 113 114 117 121 123 124 126 258 262 134 137 138 140 141 142 143 146 150 154 155 157 158 159 160 161 163 164 167 168 169 171 173 174 175 177 179 183 185 187 189 192 194 195 196 199 200 201 204 206 208 210 211 215 218 227 228 229 232 236 237 238 240 242 244 246 249 254 256 265 270 272 277 279 280 281 282 283 284 286 287 288 292 297 302 304 306 311 312 314 316 317 319 324 326 330 332 334 338 341 342 343 347 350 351 353 355 356 358 359 360 361 362 364 366 367 371 373 374 379 381 386 388 390 394 398 401 405 406 408 417 418 420 422 424 426 429 430 431 433 434 436 437 438 439 441 443 445 446 447 448 450 452 457 460 462 466 467 468 471 472 474 477 478 480 485 486 487 490 497 498 499 500
31 66 44 140 256 297
32 99
33 96 66 36 37 39 40 42 43 44 45 46 47 49 50 51 52 53 54 58 59 61 62 65 130 70 73 74 75 77 79 81 86 87 88 91 92 93 95 97 99 100 104 106 107 112 113 114 117 121 123 124 126 258 261 262 134 137 138 140 141 142 143 146 150 154 155 157 158 159 160 161 162 163 164 167 168 169 171 173 174 175 177 179 183 185 187 189 192 194 195 196 199 200 201 204 206 207 208 210 211 215 218 221 227 228 229 232 236 237 238 240 242 244 246 247 249 254 256 257 263 265 267 270 272 277 279 280 281 282 283 284 286 287 288 292 294 295 297 302 304 306 309 311 312 314 316 317 319 324 326 330 332 334 338 341 342 343 347 349 350 351 353 355 356 358 359 360 361 362 364 366 367 369 371 373 374 376 379 381 386 388 389 390 394 398 401 405 406 408 417 418 420 421 422 424 426 429 430 431 433 434 436 437 438 439 441 442 443 445 446 447 448 450 451 452 454 457 460 462 466 467 468 471 472 474 477 478 480 484 485 486 487 490 497 498 499 500
34 28 44 54 79 88 140 143 159 185 187 256 282 287 292 297 326 362 374 386 424 457 468 471 498 500
35 98
36 91 39 44 52 54 79 88 91 95 106 114 262 140 143 159 161 171 179 185 187 194 201 211 215 228 237 256 282 287 288 292 297 306 326 338 362 366 373 374 386 390 405 424 446 457 468 471 486 487 498 500
37 60 39 43 44 52 54 74 77 79 88 91 93 95 106 114 117 121 124 262 138 140 143 154 157 158 159 161 163 171 179 185 187 194 195 196 201 211 215 228 232 237 242 256 265 272 282 287 288 292 297 306 312 316 326 338 351 359 360 362 366 371 373 374 386 388 390 405 420 424 438 445 446 457 468 471 472 486 487 498 499 500
38 74
39 64 66 40 42 43 44 45 46 47 49 50 51 52 53 54 58 59 61 62 65 130 70 73 74 75 77 79 81 86 87 88 91 92 93 95 97 99 100 104 106 107 112 113 114 117 121 123 124 126 258 262 134 137 138 140 141 142 143 146 150 154 155 157 158 159 160 161 162 163 164 167 168 169 171 173 174 175 177 179 183 185 187 189 192 194 195 196 199 200 201 204 206 207 208 210 211 215 218 221 227 228 229 232 236 237 238 240 242 244 246 247 249 254 256 257 265 267 270 272 277 279 280 281 282 283 284 286 287 288 292 294 295 297 302 304 306 309 311 312 314 316 317 319 324 326 330 332 334 338 341 342 343 347 349 350 351 353 355 356 358 359 360 361 362 364 366 367 369 371 373 374 376 379 381 386 388 389 390 394 398 401 405 406 408 417 418 420 421 422 424 426 429 430 431 433 434 436 437 438 439 441 442 443 445 446 447 448 450 451 452 454 457 460 462 466 467 468 471 472 474 477 478 480 485 486 487 490 497 498 499 500
40 63 66 42 43 44 46 47 49 50 51 52 53 54 58 61 62 65 73 74 75 77 79 81 88 91 92 93 95 97 99 104 106 113 114 117 121 123 124 258 262 134 137 138 140 141 142 143 146 150 154 155 157 158 159 160 161 163 164 167 168 169 171 173 175 179 183 185 187 189 192 194 195 196 199 200 201 204 206 210 211 215 218 227 228 229 232 236 237 240 242 244 246 249 254 256 265 270 272 279 280 281 282 283 284 286 287 288 292 297 302 304 306 311 312 314 316 317 319 324 326 330 332 334 338 341 343 347 350 351 353 355 358 359 360 361 362 364 366 367 371 373 374 379 381 386 388 390 394 398 401 405 406 408 417 418 420 422 424 429 430 431 433 434 436 437 438 441 443 445 446 447 448 450 452 457 460 462 466 467 468 471 472 474 477 478 480 485 486 487 490 497 498 499 500
41 31
42 43 43 44 47 49 52 53 54 62 73 74 75 77 79 81 88 91 93 95 97 99 106 114 117 121 124 262 134 138 140 142 143 154 157 158 159 161 163 164 167 168 171 179 183 185 187 189 192 194 195 196 199 201 204 206 211 215 218 228 232 236 237 242 244 246 256 265 272 281 282 284 287 288 292 297 306 311 312 314 316 319 326 330 332 334 338 347 350 351 353 359 360 361 362 366 371 373 374 379 381 386 388 390 394 405 408 420 424 429 430 433 434 436 437 438 441 443 445 446 447 457 460 462 468 471 472 474 480 485 486 487 490 498 499 500
43 94 66 44 46 47 49 50 51 52 53 54 58 61 62 65 70 73 74 75 77 79 81 87 88 91 92 93 95 97 99 100 104 106 113 114 117 121 123 124 126 258 262 134 137 138 140 141 142 143 146 150 154 155 157 158 159 160 161 163 164 167 168 169 171 173 174 175 177 179 183 185 187 189 192 194 195 196 199 200 201 204 206 208 210 211 215 218 227 228 229 232 236 237 238 240 242 244 246 249 254 256 265 270 272 277 279 280 281 282 283 284 286 287 288 292 297 302 304 306 311 312 314 316 317 319 324 326 330 332 334 338 341 342 343 347 350 351 353 355 356 358 359 360 361 362 364 366 367 371 373 374 379 381 386 388 390 394 398 401 405 406 408 417 418 420 422 424 426 429 430 431 433 434 436 437 438 439 441 443 445 446 447 448 450 452 457 460 462 466 467 468 471 472 474 477 478 480 485 486 487 490 497 498 499 500
44 32 66 45 46 47 48 49 50 51 52 53 54 55 58 59 61 62 65 130 68 70 73 74 75 76 77 79 81 86 87 88 91 92 93 94 95 97 99 100 104 105 106 107 112 113 114 117 121 123 124 126 129 258 259 261 262 134 137 138 140 141 142 143 144 145 146 148 149 150 154 155 156 157 158 159 160 161 162 163 164 167 168 169 171 173 174 175 177 179 183 185 186 187 189 192 193 194 195 196 198 199 200 201 204 205 206 207 208 210 211 213 214 215 217 218 221 225 227 228 229 232 235 236 237 238 240 242 244 245 246 247 249 251 252 254 256 257 263 265 267 269 270 271 272 277 279 280 281 282 283 284 285 286 287 288 292 293 294 295 297 298 300 302 304 306 309 311 312 314 315 316 317 319 321 324 326 328 330 332 334 338 341 342 343 347 349 350 351 353 355 356 357 358 359 360 361 362 364 366 367 369 371 373 374 376 379 381 386 387 388 389 390 392 393 394 398 400 401 405 406 407 408 417 418 420 421 422 424 425 426 428 429 430 431 433 434 436 437 438 439 440 441 442 443 445 446 447 448 450 451 452 453 454 457 460 462 466 467 468 471 472 474 477 478 480 484 485 486 487 488 489 490 492 497 498 499 500
45 23 52 54 79 88 91 95 106 114 262 140 143 159 185 187 194 211 228 237 256 282 287 288 292 297 326 338 362 373 374 386 390 424 457 468 471 486 487 498 500
46 95 52 54 74 75 77 79 88 91 93 95 97 106 114 117 121 124 262 138 140 143 154 157 158 159 161 163 164 167 171 179 185 187 194 195 196 201 211 215 228 232 237 242 256 265 272 282 287 288 292 297 306 312 316 326 338 350 351 359 360 362 366 371 373 374 386 388 390 394 405 420 424 433 438 445 446 457 460 462 468 471 472 474 486 487 498 499 500
47 28 66 49 52 53 54 58 61 62 65 73 74 75 77 79 81 88 91 92 93 95 97 99 104 106 114 117 121 124 258 262 134 138 140 142 143 146 154 155 157 158 159 160 161 163 164 167 168 171 179 183 185 187 189 192 194 195 196 199 200 201 204 206 210 211 215 218 227 228 229 232 236 237 242 244 246 249 256 265 272 279 280 281 282 283 284 286 287 288 292 297 302 306 311 312 314 316 319 326 330 332 334 338 341 343 347 350 351 353 355 358 359 360 361 362 364 366 371 373 374 379 381 386 388 390 394 398 401 405 406 408 417 418 420 424 429 430 431 433 434 436 437 438 441 443 445 446 447 450 452 457 460 462 466 467 468 471 472 474 477 478 480 485 486 487 490 497 498 499 500
48 40 140 256 297
49 52 52 53 54 62 65 73 74 75 77 79 81 88 91 93 95 97 99 104 106 114 117 121 124 262 134 138 140 142 143 154 157 158 159 160 161 163 164 167 168 171 179 183 185 187 189 192 194 195 196 199 201 204 206 211 215 218 228 229 232 236 237 242 244 246 256 265 272 281 282 283 284 287 288 292 297 306 311 312 314 316 319 326 330 332 334 338 347 350 351 353 359 360 361 362 366 371 373 374 379 381 386 388 390 394 398 401 405 408 420 424 429 430 433 434 436 437 438 441 443 445 446 447 457 460 462 468 471 472 474 480 485 486 487 490 498 499 500
50 77 52 54 74 75 77 79 88 91 93 95 97 106 114 117 121 124 262 138 140 143 154 157 158 159 161 163 164 167 171 179 185 187 194 195 196 201 211 215 228 232 237 242 256 265 272 282 287 288 292 297 306 312 316 326 338 350 351 359 360 362 366 371 373 374 386 388 390 394 405 420 424 433 438 445 446 457 460 462 468 471 472 474 486 487 498 499 500
51 38 52 54 74 75 77 79 88 91 93 95 97 106 114 117 121 124 262 138 140 143 154 157 158 159 161 163 164 171 179 185 187 194 195 196 201 211 215 228 232 237 242 256 265 272 282 287 288 292 297 306 312 316 326 338 350 351 359 360 362 366 371 373 374 386 388 390 394 405 420 424 433 438 445 446 457 468 471 472 474 486 487 498 499 500
52 48 66 53 54 58 59 61 62 65 130 70 73 74 75 77 79 81 86 87 88 91 92 93 94 95 97 99 100 104 106 107 112 113 114 117 121 123 124 126 129 258 261 262 134 137 138 140 141 142 143 144 146 150 154 155 157 158 159 160 161 162 163 164 167 168 169 171 173 174 175 177 179 183 185 187 189 192 194 195 196 199 200 201 204 206 207 208 210 211 215 218 221 227 228 229 232 236 237 238 240 242 244 246 247 249 254 256 257 263 265 267 269 270 272 277 279 280 281 282 283 284 286 287 288 292 294 295 297 302 304 306 309 311 312 314 316 317 319 324 326 330 332 334 338 341 342 343 347 349 350 351 353 355 356 357 358 359 360 361 362 364 366 367 369 371 373 374 376 379 381 386 387 388 389 390 394 398 401 405 406 408 417 418 420 421 422 424 426 428 429 430 431 433 434 436 437 438 439 441 442 443 445 446 447 448 450 451 452 454 457 460 462 466 467 468 471 472 474 477 478 480 484 485 486 487 490 497 498 499 500
53 79 66 54 58 61 62 65 73 74 75 77 79 81 88 91 92 93 95 97 99 104 106 114 117 121 124 258 262 134 138 140 142 143 146 154 157 158 159 160 161 163 164 167 168 171 179 183 185 187 189 192 194 195 196 199 201 204 206 210 211 215 218 227 228 229 232 236 237 242 244 246 256 265 272 279 280 281 282 283 284 286 287 288 292 297 302 306 311 312 314 316 319 326 330 332 334 338 343 347 350 351 353 355 359 360 361 362 364 366 371 373 374 379 381 386 388 390 394 398 401 405 406 408 418 420 424 429 430 431 433 434 436 437 438 441 443 445 446 447 450 457 460 462 466 468 471 472 474 477 480 485 486 487 490 497 498 499 500
54 40 66 58 59 61 62 65 130 70 73 74 75 77 79 81 86 87 88 91 92 93 94 95 97 99 100 104 106 107 112 113 114 117 121 123 124 126 129 258 261 262 134 137 138 140 141 142 143 144 146 150 154 155 157 158 159 160 161 162 163 164 167 168 169 171 173 174 175 177 179 183 185 187 189 192 194 195 196 199 200 201 204 206 207 208 210 211 215 218 221 227 228 229 232 236 237 238 240 242 244 245 246 247 249 254 256 257 263 265 267 269 270 272 277 279 280 281 282 283 284 286 287 288 292 294 295 297 298 302 304 306 309 311 312 314 316 317 319 324 326 330 332 334 338 341 342 343 347 349 350 351 353 355 356 357 358 359 360 361 362 364 366 367 369 371 373 374 376 379 381 386 387 388 389 390 394 398 401 405 406 408 417 418 420 421 422 424 426 428 429 430 431 433 434 436 437 438 439 441 442 443 445 446 447 448 450 451 452 454 457 460 462 466 467 468 471 472 474 477 478 480 484 485 486 487 488 490 497 498 499 500
55 42 140 256 287 297 374
56 54
57 39
58 42 74 75 77 79 88 91 93 95 97 106 114 117 121 124 262 138 140 142 143 154 157 158 159 161 163 164 167 171 179 183 185 187 189 192 194 195 196 201 204 211 215 218 228 232 236 237 242 256 265 272 282 287 288 292 297 306 311 312 316 326 332 338 347 350 351 353 359 360 361 362 366 371 373 374 386 388 390 394 405 420 424 433 438 443 445 446 447 457 460 462 468 471 472 474 485 486 487 490 498 499 500
59 30 79 88 91 93 95 106 114 262 140 143 159 161 163 171 179 185 187 194 201 211 215 228 237 256 265 282 287 288 292 297 306 326 338 362 366 373 374 386 390 405 420 424 446 457 468 471 486 487 498 500
60 54
61 95 74 75 77 79 88 91 93 95 97 106 114 117 121 124 262 138 140 142 143 154 157 158 159 161 163 164 167 171 179 183 185 187 189 192 194 195 196 201 204 211 215 218 228 232 237 242 256 265 272 282 287 288 292 297 306 311 312 316 326 332 338 347 350 351 359 360 361 362 366 371 373 374 386 388 390 394 405 420 424 433 438 445 446 447 457 460 462 468 471 472 474 486 487 490 498 499 500
62 31 66 65 73 74 75 77 79 81 88 91 92 93 95 97 99 104 106 114 117 121 124 258 262 134 138 140 142 143 154 157 158 159 160 161 163 164 167 168 171 179 183 185 187 189 192 194 195 196 199 201 204 206 210 211 215 218 228 229 232 236 237 242 244 246 256 265 272 280 281 282 283 284 287 288 292 297 302 306 311 312 314 316 319 326 330 332 334 338 347 350 351 353 355 359 360 361 362 366 371 373 374 379 381 386 388 390 394 398 401 405 408 418 420 424 429 430 433 434 436 437 438 441 443 445 446 447 450 457 460 462 466 468 471 472 474 477 480 485 486 487 490 498 499 500
63 71
64 23
65 58 73 74 75 77 79 81 88 91 93 95 97 99 106 114 117 121 124 262 134 138 140 142 143 154 157 158 159 161 163 164 167 168 171 179 183 185 187 189 192 194 195 196 201 204 206 211 215 218 228 232 236 237 242 244 246 256 265 272 281 282 284 287 288 292 297 306 311 312 316 326 330 332 338 347 350 351 353 359 360 361 362 366 371 373 374 379 381 386 388 390 394 405 408 420 424 433 434 437 438 441 443 445 446 447 457 460 462 468 471 472 474 485 486 487 490 498 499 500
66 94 73 74 75 77 79 81 88 91 93 95 97 106 114 117 121 124 262 138 140 142 143 154 157 158 159 161 163 164 167 168 171 179 183 185 187 189 192 194 195 196 201 204 206 211 215 218 228 232 236 237 242 244 246 256 265 272 281 282 284 287 288 292 297 306 311 312 316 326 332 338 347 350 351 353 359 360 361 362 366 371 373 374 379 381 386 388 390 394 405 408 420 424 433 434 437 438 443 445 446 447 457 460 462 468 471 472 474 485 486 487 490 498 499 500
67 70
68 56 88 140 159 185 256 282 287 297 326 362 374 424 457 471
69 61
70 41 77 79 88 91 93 95 106 114 117 262 140 143 159 161 163 171 179 185 187 194 195 196 201 211 215 228 237 242 256 265 282 287 288 292 297 306 312 316 326 338 359 360 362 366 371 373 374 386 390 405 420 424 438 446 457 468 471 486 487 498 500
71 37
72 45
73 21 74 75 77 79 81 88 91 92 93 95 97 99 104 106 114 117 121 124 258 262 134 138 140 142 143 154 157 158 159 160 161 163 164 167 168 171 179 183 185 187 189 192 194 195 196 199 201 204 206 210 211 215 218 228 229 232 236 237 242 244 246 256 265 272 280 281 282 283 284 286 287 288 292 297 302 306 311 312 314 316 319 326 330 332 334 338 343 347 350 351 353 355 359 360 361 362 366 371 373 374 379 381 386 388 390 394 398 401 405 408 418 420 424 429 430 433 434 436 437 438 441 443 445 446 447 450 457 460 462 466 468 471 472 474 477 480 485 486 487 490 498 499 500
74 54 75 77 79 81 87 88 91 92 93 95 97 99 104 106 113 114 117 121 123 124 258 262 134 137 138 140 141 142 143 146 150 154 155 157 158 159 160 161 163 164 167 168 169 171 173 175 179 183 185 187 189 192 194 195 196 199 200 201 204 206 210 211 215 218 227 228 229 232 236 237 240 242 244 246 249 254 256 265 270 272 279 280 281 282 283 284 286 287 288 292 297 302 304 306 311 312 314 316 317 319 324 326 330 332 334 338 341 343 347 350 351 353 355 358 359 360 361 362 364 366 367 371 373 374 379 381 386 388 390 394 398 401 405 406 408 417 418 420 422 424 429 430 431 433 434 436 437 438 441 443 445 446 447 448 450 452 457 460 462 466 467 468 471 472 474 477 478 480 485 486 487 490 497 498 499 500
75 74 77 79 81 88 91 92 93 95 97 99 104 106 114 117 121 123 124 258 262 134 137 138 140 142 143 146 154 155 157 158 159 160 161 163 164 167 168 171 175 179 183 185 187 189 192 194 195 196 199 200 201 204 206 210 211 215 218 227 228 229 232 236 237 240 242 244 246 249 254 256 265 270 272 279 280 281 282 283 284 286 287 288 292 297 302 304 306 311 312 314 316 317 319 324 326 330 332 334 338 341 343 347 350 351 353 355 358 359 360 361 362 364 366 371 373 374 379 381 386 388 390 394 398 401 405 406 408 417 418 420 424 429 430 431 433 434 436 437 438 441 443 445 446 447 448 450 452 457 460 462 466 467 468 471 472 474 477 478 480 485 486 487 490 497 498 499 500
76 44 140 159 185 256 287 297 326 374 424
77 92 79 81 87 88 91 92 93 95 97 99 100 104 106 107 112 113 114 117 121 123 124 126 258 262 134 137 138 140 141 142 143 146 150 154 155 157 158 159 160 161 163 164 167 168 169 171 173 174 175 177 179 183 185 187 189 192 194 195 196 199 200 201 204 206 208 210 211 215 218 227 228 229 232 236 237 238 240 242 244 246 249 254 256 257 265 270 272 277 279 280 281 282 283 284 286 287 288 292 297 302 304 306 311 312 314 316 317 319 324 326 330 332 334 338 341 342 343 347 349 350 351 353 355 356 358 359 360 361 362 364 366 367 369 371 373 374 379 381 386 388 390 394 398 401 405 406 408 417 418 420 421 422 424 426 429 430 431 433 434 436 437 438 439 441 443 445 446 447 448 450 452 454 457 460 462 466 467 468 471 472 474 477 478 480 485 486 487 490 497 498 499 500
78 90
79 92 130 81 86 87 88 91 92 93 94 95 97 99 100 104 105 106 107 112 113 114 117 121 123 124 126 129 258 261 262 134 137 138 140 141 142 143 144 146 148 150 154 155 157 158 159 160 161 162 163 164 167 168 169 171 173 174 175 177 179 183 185 187 189 192 194 195 196 199 200 201 204 206 207 208 210 211 215 218 221 227 228 229 232 236 237 238 240 242 244 245 246 247 249 254 256 257 263 265 267 269 270 272 277 279 280 281 282 283 284 286 287 288 292 294 295 297 298 302 304 306 309 311 312 314 316 317 319 324 326 330 332 334 338 341 342 343 347 349 350 351 353 355 356 357 358 359 360 361 362 364 366 367 369 371 373 374 376 379 381 386 387 388 389 390 394 398 401 405 406 408 417 418 420 421 422 424 426 428 429 430 431 433 434 436 437 438 439 441 442 443 445 446 447 448 450 451 452 454 457 460 462 466 467 468 471 472 474 477 478 480 484 485 486 487 488 490 497 498 499 500
80 89
81 26 88 91 92 93 95 97 99 104 106 114 117 121 124 258 262 134 138 140 142 143 154 157 158 159 160 161 163 164 167 168 171 179 183 185 187 189 192 194 195 196 199 201 204 206 210 211 215 218 228 229 232 236 237 242 244 246 256 265 272 280 281 282 283 284 286 287 288 292 297 302 306 311 312 314 316 319 326 330 332 334 338 343 347 350 351 353 355 359 360 361 362 366 371 373 374 379 381 386 388 390 394 398 401 405 408 418 420 424 429 430 433 434 436 437 438 441 443 445 446 447 450 457 460 462 466 468 471 472 474 477 480 485 486 487 490 498 499 500
82 94
83 79
84 31
85 67
86 36 88 91 95 106 114 140 143 159 185 187 194 237 256 282 287 288 292 297 326 338 362 373 374 386 390 424 457 468 471 486 487 498 500
87 91 88 91 93 95 106 114 117 121 124 262 138 140 143 154 157 158 159 161 163 171 179 185 187 194 195 196 201 211 215 228 237 242 256 265 272 282 287 288 292 297 306 312 316 326 338 351 359 360 362 366 371 373 374 386 388 390 405 420 424 438 445 446 457 468 471 472 486 487 498 499 500
88 73 130 91 92 93 94 95 97 99 100 104 105 106 107 112 113 114 117 121 123 124 126 129 258 259 261 262 134 137 138 140 141 142 143 144 145 146 148 150 154 155 156 157 158 159 160 161 162 163 164 167 168 169 171 173 174 175 177 179 183 185 186 187 189 192 194 195 196 199 200 201 204 206 207 208 210 211 214 215 217 218 221 225 227 228 229 232 236 237 238 240 242 244 245 246 247 249 251 254 256 257 263 265 267 269 270 272 277 279 280 281 282 283 284 285 286 287 288 292 294 295 297 298 302 304 306 309 311 312 314 316 317 319 321 324 326 330 332 334 338 341 342 343 347 349 350 351 353 355 356 357 358 359 360 361 362 364 366 367 369 371 373 374 376 379 381 386 387 388 389 390 394 398 401 405 406 408 417 418 420 421 422 424 426 428 429 430 431 433 434 436 437 438 439 441 442 443 445 446 447 448 450 451 452 453 454 457 460 462 466 467 468 471 472 474 477 478 480 484 485 486 487 488 490 492 497 498 499 500
89 98
90 52
91 67 130 92 93 95 97 99 100 104 106 107 112 113 114 117 121 123 124 126 129 258 261 262 134 137 138 140 141 142 143 144 146 150 154 155 157 158 159 160 161 162 163 164 167 168 169 171 173 174 175 177 179 183 185 187 189 192 194 195 196 199 200 201 204 206 207 208 210 211 215 218 221 227 228 229 232 236 237 238 240 242 244 246 247 249 254 256 257 263 265 267 269 270 272 277 279 280 281 282 283 284 286 287 288 292 294 295 297 302 304 306 309 311 312 314 316 317 319 324 326 330 332 334 338 341 342 343 347 349 350 351 353 355 356 358 359 360 361 362 364 366 367 369 371 373 374 376 379 381 386 387 388 389 390 394 398 401 405 406 408 417 418 420 421 422 424 426 429 430 431 433 434 436 437 438 439 441 442 443 445 446 447 448 450 451 452 454 457 460 462 466 467 468 471 472 474 477 478 480 484 485 486 487 490 497 498 499 500
92 75 93 95 97 106 114 117 121 124 262 138 140 142 143 154 157 158 159 161 163 164 167 168 171 179 183 185 187 189 192 194 195 196 201 204 211 215 218 228 232 236 237 242 244 246 256 265 272 281 282 287 288 292 297 306 311 312 316 326 332 338 347 350 351 353 359 360 361 362 366 371 373 374 386 388 390 394 405 420 424 433 438 443 445 446 447 457 460 462 468 471 472 474 485 486 487 490 498 499 500
93 61 130 95 97 99 100 104 106 107 112 113 114 117 121 123 124 126 258 262 134 137 138 140 141 142 143 146 150 154 155 157 158 159 160 161 163 164 167 168 169 171 173 174 175 177 179 183 185 187 189 192 194 195 196 199 200 201 204 206 208 210 211 215 218 221 227 228 229 232 236 237 238 240 242 244 246 249 254 256 257 265 270 272 277 279 280 281 282 283 284 286 287 288 292 295 297 302 304 306 311 312 314 316 317 319 324 326 330 332 334 338 341 342 343 347 349 350 351 353 355 356 358 359 360 361 362 364 366 367 369 371 373 374 379 381 386 388 389 390 394 398 401 405 406 408 417 418 420 421 422 424 426 429 430 431 433 434 436 437 438 439 441 443 445 446 447 448 450 452 454 457 460 462 466 467 468 471 472 474 477 478 480 485 486 487 490 497 498 499 500
94 37 140 143 159 185 187 256 282 287 292 297 326 362 374 386 424 457 468 471 487 498 500
95 64 130 97 99 100 104 106 107 112 113 114 117 121 123 124 126 258 261 262 134 137 138 140 141 142 143 144 146 150 154 155 157 158 159 160 161 162 163 164 167 168 169 171 173 174 175 177 179 183 185 187 189 192 194 195 196 199 200 201 204 206 207 208 210 211 215 218 221 227 228 229 232 236 237 238 240 242 244 246 247 249 254 256 257 263 265 267 269 270 272 277 279 280 281 282 283 284 286 287 288 292 294 295 297 302 304 306 309 311 312 314 316 317 319 324 326 330 332 334 338 341 342 343 347 349 350 351 353 355 356 358 359 360 361 362 364 366 367 369 371 373 374 376 379 381 386 387 388 389 390 394 398 401 405 406 408 417 418 420 421 422 424 426 429 430 431 433 434 436 437 438 439 441 442 443 445 446 447 448 450 451 452 454 457 460 462 466 467 468 471 472 474 477 478 480 484 485 486 487 490 497 498 499 500
96 29
97 56 99 104 106 113 114 117 121 123 124 258 262 134 137 138 140 141 142 143 146 150 154 155 157 158 159 160 161 163 164 167 168 169 171 173 175 179 183 185 187 189 192 194 195 196 199 200 201 204 206 210 211 215 218 227 228 229 232 236 237 240 242 244 246 249 254 256 265 270 272 279 280 281 282 283 284 286 287 288 292 297 302 304 306 311 312 314 316 317 319 324 326 330 332 334 338 341 343 347 350 351 353 355 358 359 360 361 362 364 366 367 371 373 374 379 381 386 388 390 394 398 401 405 406 408 417 418 420 422 424 429 430 431 433 434 436 437 438 441 443 445 446 447 448 450 452 457 460 462 466 467 468 471 472 474 477 478 480 485 486 487 490 497 498 499 500
98 34
99 87 104 106 114 117 121 124 262 134 138 140 142 143 154 157 158 159 160 161 163 164 167 168 171 179 183 185 187 189 192 194 195 196 199 201 204 206 211 215 218 228 229 232 236 237 242 244 246 256 265 272 281 282 283 284 287 288 292 297 306 311 312 314 316 319 326 330 332 334 338 347 350 351 353 359 360 361 362 366 371 373 374 379 381 386 388 390 394 398 401 405 408 420 424 429 430 433 434 436 437 438 441 443 445 446 447 457 460 462 468 471 472 474 480 485 486 487 490 498 499 500
100 26 106 114 117 262 140 143 159 161 163 171 179 185 187 194 195 196 201 211 215 228 237 242 256 265 282 287 288 292 297 306 312 316 326 338 359 360 362 366 371 373 374 386 390 405 420 424 438 446 457 468 471 486 487 498 500
101 42
102 100
103 40
104 29 106 114 117 121 124 262 134 138 140 142 143 154 157 158 159 161 163 164 167 168 171 179 183 185 187 189 192 194 195 196 201 204 206 211 215 218 228 232 236 237 242 244 246 256 265 272 281 282 284 287 288 292 297 306 311 312 316 326 330 332 338 347 350 351 353 359 360 361 362 366 371 373 374 379 381 386 388 390 394 405 408 420 424 433 434 437 438 441 443 445 446 447 457 460 462 468 471 472 474 485 486 487 490 498 499 500
105 78 140 143 159 185 187 256 282 287 292 297 326 362 374 386 424 457 468 471
106 70 130 107 112 113 114 117 121 123 124 126 258 261 262 134 137 138 140 141 142 143 146 150 154 155 157 158 159 160 161 162 163 164 167 168 169 171 173 174 175 177 179 183 185 187 189 192 194 195 196 199 200 201 204 206 207 208 210 211 215 218 221 227 228 229 232 236 237 238 240 242 244 246 247 249 254 256 257 263 265 267 270 272 277 279 280 281 282 283 284 286 287 288 292 294 295 297 302 304 306 309 311 312 314 316 317 319 324 326 330 332 334 338 341 342 343 347 349 350 351 353 355 356 358 359 360 361 362 364 366 367 369 371 373 374 376 379 381 386 388 389 390 394 398 401 405 406 408 417 418 420 421 422 424 426 429 430 431 433 434 436 437 438 439 441 442 443 445 446 447 448 450 451 452 454 457 460 462 466 467 468 471 472 474 477 478 480 485 486 487 490 497 498 499 500
107 59 114 117 262 140 143 159 161 163 171 179 185 187 194 195 196 201 211 215 228 237 242 256 265 282 287 288 292 297 306 312 316 326 338 359 362 366 371 373 374 386 390 405 420 424 446 457 468 471 486 487 498 500
108 27
109 43
110 59
111 82
112 63 114 262 140 143 159 161 163 171 179 185 187 194 201 211 215 228 237 256 265 282 287 288 292 297 306 316 326 338 362 366 373 374 386 390 405 420 424 446 457 468 471 486 487 498 500
113 76 114 117 121 124 262 138 140 143 154 157 158 159 161 163 164 171 179 185 187 194 195 196 201 211 215 228 232 237 242 256 265 272 282 287 288 292 297 306 312 316 326 338 350 351 359 360 362 366 371 373 374 386 388 390 405 420 424 433 438 445 446 457 468 471 472 486 487 498 499 500
114 52 130 117 121 123 124 126 258 261 262 134 137 138 140 141 142 143 146 150 154 155 157 158 159 160 161 162 163 164 167 168 169 171 173 174 175 177 179 183 185 187 189 192 194 195 196 199 200 201 204 206 207 208 210 211 215 218 221 227 228 229 232 236 237 238 240 242 244 246 247 249 254 256 257 263 265 267 270 272 277 279 280 281 282 283 284 286 287 288 292 294 295 297 302 304 306 309 311 312 314 316 317 319 324 326 330 332 334 338 341 342 343 347 349 350 351 353 355 356 358 359 360 361 362 364 366 367 369 371 373 374 376 379 381 386 388 389 390 394 398 401 405 406 408 417 418 420 421 422 424 426 429 430 431 433 434 436 437 438 439 441 442 443 445 446 447 448 450 451 452 454 457 460 462 466 467 468 471 472 474 477 478 480 484 485 486 487 490 497 498 499 500
115 28
116 66
117 56 121 123 124 126 258 262 134 137 138 140 141 142 143 146 150 154 155 157 158 159 160 161 163 164 167 168 169 171 173 174 175 177 179 183 185 187 189 192 194 195 196 199 200 201 204 206 208 210 211 215 218 227 228 229 232 236 237 238 240 242 244 246 249 254 256 257 265 270 272 277 279 280 281 282 283 284 286 287 288 292 297 302 304 306 311 312 314 316 317 319 324 326 330 332 334 338 341 342 343 347 349 350 351 353 355 356 358 359 360 361 362 364 366 367 369 371 373 374 379 381 386 388 390 394 398 401 405 406 408 417 418 420 422 424 426 429 430 431 433 434 436 437 438 439 441 443 445 446 447 448 450 452 454 457 460 462 466 467 468 471 472 474 477 478 480 485 486 487 490 497 498 499 500
118 83
119 62
120 98
121 55 123 124 258 262 134 137 138 140 141 142 143 146 150 154 155 157 158 159 160 161 163 164 167 168 169 171 173 174 175 179 183 185 187 189 192 194 195 196 199 200 201 204 206 208 210 211 215 218 227 228 229 232 236 237 240 242 244 246 249 254 256 265 270 272 279 280 281 282 283 284 286 287 288 292 297 302 304 306 311 312 314 316 317 319 324 326 330 332 334 338 341 343 347 350 351 353 355 356 358 359 360 361 362 364 366 367 371 373 374 379 381 386 388 390 394 398 401 405 406 408 417 418 420 422 424 429 430 431 433 434 436 437 438 441 443 445 446 447 448 450 452 457 460 462 466 467 468 471 472 474 477 478 480 485 486 487 490 497 498 499 500
122 98
123 57 124 262 138 140 143 154 157 158 159 161 163 164 171 179 185 187 194 195 196 201 211 215 228 232 237 242 256 265 272 282 287 288 292 297 306 312 316 326 338 350 351 359 360 362 366 371 373 374 386 388 390 394 405 420 424 433 438 445 446 457 462 468 471 472 474 486 487 498 499 500
124 49 126 258 262 134 137 138 140 141 142 143 146 150 154 155 157 158 159 160 161 163 164 167 168 169 171 173 174 175 177 179 183 185 187 189 192 194 195 196 199 200 201 204 206 208 210 211 215 218 227 228 229 232 236 237 238 240 242 244 246 249 254 256 265 270 272 277 279 280 281 282 283 284 286 287 288 292 297 302 304 306 311 312 314 316 317 319 324 326 330 332 334 338 341 342 343 347 350 351 353 355 356 358 359 360 361 362 364 366 367 371 373 374 379 381 386 388 390 394 398 401 405 406 408 417 418 420 422 424 426 429 430 431 433 434 436 437 438 439 441 443 445 446 447 448 450 452 457 460 462 466 467 468 471 472 474 477 478 480 485 486 487 490 497 498 499 500
125 95
126 89 262 138 140 143 154 159 161 163 171 179 185 187 194 195 196 201 211 215 228 237 242 256 265 272 282 287 288 292 297 306 312 316 326 338 351 359 360 362 366 371 373 374 386 388 390 405 420 424 438 445 446 457 468 471 486 487 498 500
127 57
128 69
129 79 140 143 159 185 187 256 282 287 292 297 326 338 362 374 386 390 424 457 468 471 487 498 500
130 77 262 140 143 159 161 163 171 179 185 187 194 201 211 215 228 237 256 265 282 287 288 292 297 306 316 326 338 362 366 373 374 386 390 405 420 424 446 457 468 471 486 487 498 500
131 44
132 22
133 70
134 87 262 138 140 142 143 154 157 158 159 160 161 163 164 167 168 171 179 183 185 187 189 192 194 195 196 199 201 204 206 211 215 218 228 229 232 236 237 242 244 246 256 265 272 281 282 283 284 287 288 292 297 302 306 311 312 314 316 319 326 330 332 334 338 347 350 351 353 359 360 361 362 366 371 373 374 379 381 386 388 390 394 398 401 405 408 420 424 429 430 433 434 436 437 438 441 443 445 446 447 457 460 462 468 471 472 474 480 485 486 487 490 498 499 500
135 91
136 43
137 42 262 138 140 143 154 157 158 159 161 163 164 171 179 185 187 194 195 196 201 211 215 228 232 237 242 256 265 272 282 287 288 292 297 306 312 316 326 338 350 351 359 360 362 366 371 373 374 386 388 390 394 405 420 424 433 438 445 446 457 462 468 471 472 474 486 487 498 499 500
138 40 258 262 140 141 142 143 146 150 154 155 157 158 159 160 161 163 164 167 168 169 171 173 174 175 177 179 183 185 187 189 192 194 195 196 199 200 201 204 206 208 210 211 215 218 227 228 229 232 236 237 238 240 242 244 246 249 254 256 265 270 272 277 279 280 281 282 283 284 286 287 288 292 297 302 304 306 311 312 314 316 317 319 324 326 330 332 334 338 341 342 343 347 350 351 353 355 356 358 359 360 361 362 364 366 367 371 373 374 379 381 386 388 390 394 398 401 405 406 408 417 418 420 422 424 426 429 430 431 433 434 436 437 438 439 441 443 445 446 447 448 450 452 457 460 462 466 467 468 471 472 474 477 478 480 485 486 487 490 497 498 499 500
139 67
140 59 258 259 261 262 141 142 143 144 145 146 148 150 154 155 156 157 158 159 160 161 162 163 164 167 168 169 171 173 174 175 177 179 183 185 186 187 189 192 194 195 196 198 199 200 201 204 205 206 207 208 210 211 213 214 215 217 218 221 225 227 228 229 232 236 237 238 240 242 244 245 246 247 249 251 252 254 256 257 263 265 267 269 270 271 272 277 279 280 281 282 283 284 285 286 287 288 292 294 295 297 298 300 302 304 306 309 311 312 314 315 316 317 319 321 324 326 328 330 332 334 338 341 342 343 347 349 350 351 353 355 356 357 358 359 360 361 362 364 366 367 369 371 373 374 376 379 381 386 387 388 389 390 392 393 394 398 400 401 405 406 407 408 417 418 420 421 422 424 426 428 429 430 431 433 434 436 437 438 439 441 442 443 445 446 447 448 450 451 452 453 454 457 460 462 466 467 468 471 472 474 477 478 480 484 485 486 487 488 489 490 492 497 498 499 500
141 49 262 143 154 157 158 159 161 163 171 179 185 187 194 195 196 201 211 215 228 232 237 242 256 265 272 282 287 288 292 297 306 312 316 326 338 350 351 359 360 362 366 371 373 374 386 388 390 405 420 424 433 438 445 446 457 468 471 472 486 487 498 499 500
142 99 258 262 143 146 154 155 157 158 159 160 161 163 164 167 168 171 179 183 185 187 189 192 194 195 196 199 200 201 204 206 210 211 215 218 227 228 229 232 236 237 242 244 246 249 256 265 270 272 279 280 281 282 283 284 286 287 288 292 297 302 306 311 312 314 316 319 326 330 332 334 338 341 343 347 350 351 353 355 358 359 360 361 362 364 366 371 373 374 379 381 386 388 390 394 398 401 405 406 408 417 418 420 424 429 430 431 433 434 436 437 438 441 443 445 446 447 450 452 457 460 462 466 467 468 471 472 474 477 478 480 485 486 487 490 497 498 499 500
143 60 258 261 262 144 146 148 150 154 155 157 158 159 160 161 162 163 164 167 168 169 171 173 174 175 177 179 183 185 187 189 192 194 195 196 199 200 201 204 206 207 208 210 211 215 218 221 227 228 229 232 236 237 238 240 242 244 245 246 247 249 254 256 257 263 265 267 269 270 272 277 279 280 281 282 283 284 286 287 288 292 294 295 297 298 302 304 306 309 311 312 314 316 317 319 324 326 330 332 334 338 341 342 343 347 349 350 351 353 355 356 357 358 359 360 361 362 364 366 367 369 371 373 374 376 379 381 386 387 388 389 390 394 398 401 405 406 408 417 418 420 421 422 424 426 428 429 430 431 433 434 436 437 438 439 441 442 443 445 446 447 448 450 451 452 454 457 460 462 466 467 468 471 472 474 477 478 480 484 485 486 487 488 490 497 498 499 500
144 22 159 185 187 256 282 287 292 297 326 338 362 374 386 390 424 457 468 471 487 498 500
145 20 159 185 256 287 297 326 362 374 424
146 35 262 154 157 158 159 161 163 164 167 171 179 183 185 187 189 192 194 195 196 201 204 211 215 218 228 232 236 237 242 256 265 272 282 287 288 292 297 306 311 312 316 326 332 338 347 350 351 353 359 360 361 362 366 371 373 374 386 388 390 394 405 420 424 433 438 443 445 446 447 457 460 462 468 471 472 474 485 486 487 490 498 499 500
147 23
148 36 159 185 187 256 282 287 292 297 326 362 374 386 424 457 468 471
149 98
150 82 262 154 157 158 159 161 163 171 179 185 187 194 195 196 201 211 215 228 232 237 242 256 265 272 282 287 288 292 297 306 312 316 326 338 351 359 360 362 366 371 373 374 386 388 390 405 420 424 433 438 445 446 457 468 471 472 486 487 498 499 500
151 82
152 57
153 85
154 83 258 262 155 157 158 159 160 161 163 164 167 168 169 171 173 174 175 177 179 183 185 187 189 192 194 195 196 199 200 201 204 206 208 210 211 215 218 227 228 229 232 236 237 238 240 242 244 246 249 254 256 265 270 272 277 279 280 281 282 283 284 286 287 288 292 297 302 304 306 311 312 314 316 317 319 324 326 330 332 334 338 341 342 343 347 350 351 353 355 356 358 359 360 361 362 364 366 367 371 373 374 379 381 386 388 390 394 398 401 405 406 408 417 418 420 422 424 426 429 430 431 433 434 436 437 438 439 441 443 445 446 447 448 450 452 457 460 462 466 467 468 471 472 474 477 478 480 485 486 487 490 497 498 499 500
155 85 262 157 158 159 161 163 164 167 171 179 185 187 189 194 195 196 201 204 211 215 218 228 232 237 242 256 265 272 282 287 288 292 297 306 311 312 316 326 338 350 351 359 360 362 366 371 373 374 386 388 390 394 405 420 424 433 438 445 446 447 457 460 462 468 471 472 474 486 487 498 499 500
156 56 159 185 256 282 287 297 326 362 374 424 457 471
157 66 258 262 158 159 160 161 163 164 167 168 169 171 173 174 175 177 179 183 185 187 189 192 194 195 196 199 200 201 204 206 208 210 211 215 218 227 228 229 232 236 237 240 242 244 246 249 254 256 265 270 272 279 280 281 282 283 284 286 287 288 292 297 302 304 306 311 312 314 316 317 319 324 326 330 332 334 338 341 343 347 350 351 353 355 356 358 359 360 361 362 364 366 367 371 373 374 379 381 386 388 390 394 398 401 405 406 408 417 418 420 422 424 429 430 431 433 434 436 437 438 441 443 445 446 447 448 450 452 457 460 462 466 467 468 471 472 474 477 478 480 485 486 487 490 497 498 499 500
158 37 258 262 159 160 161 163 164 167 168 169 171 173 174 175 179 183 185 187 189 192 194 195 196 199 200 201 204 206 208 210 211 215 218 227 228 229 232 236 237 240 242 244 246 249 254 256 265 270 272 279 280 281 282 283 284 286 287 288 292 297 302 304 306 311 312 314 316 317 319 324 326 330 332 334 338 341 343 347 350 351 353 355 356 358 359 360 361 362 364 366 367 371 373 374 379 381 386 388 390 394 398 401 405 406 408 417 418 420 422 424 429 430 431 433 434 436 437 438 441 443 445 446 447 448 450 452 457 460 462 466 467 468 471 472 474 477 478 480 485 486 487 490 497 498 499 500
159 41 258 259 261 262 160 161 162 163 164 167 168 169 171 173 174 175 177 179 183 185 186 187 189 192 194 195 196 199 200 201 204 205 206 207 208 210 211 214 215 217 218 221 225 227 228 229 232 236 237 238 240 242 244 245 246 247 249 251 254 256 257 263 265 267 269 270 272 277 279 280 281 282 283 284 285 286 287 288 292 294 295 297 298 300 302 304 306 309 311 312 314 316 317 319 321 324 326 328 330 332 334 338 341 342 343 347 349 350 351 353 355 356 357 358 359 360 361 362 364 366 367 369 371 373 374 376 379 381 386 387 388 389 390 394 398 401 405 406 408 417 418 420 421 422 424 426 428 429 430 431 433 434 436 437 438 439 441 442 443 445 446 447 448 450 451 452 453 454 457 460 462 466 467 468 471 472 474 477 478 480 484 485 486 487 488 490 492 497 498 499 500
160 33 262 161 163 164 167 168 171 179 183 185 187 189 192 194 195 196 201 204 206 211 215 218 228 232 236 237 242 244 246 256 265 272 281 282 284 287 288 292 297 306 311 312 316 326 330 332 338 347 350 351 353 359 360 361 362 366 371 373 374 379 381 386 388 390 394 405 408 420 424 433 434 437 438 443 445 446 447 457 460 462 468 471 472 474 485 486 487 490 498 499 500
161 82 258 262 163 164 167 168 169 171 173 174 175 177 179 183 185 187 189 192 194 195 196 199 200 201 204 206 208 210 211 215 218 221 227 228 229 232 236 237 238 240 242 244 246 249 254 256 257 265 270 272 277 279 280 281 282 283 284 286 287 288 292 295 297 302 304 306 311 312 314 316 317 319 324 326 330 332 334 338 341 342 343 347 349 350 351 353 355 356 358 359 360 361 362 364 366 367 369 371 373 374 379 381 386 388 389 390 394 398 401 405 406 408 417 418 420 421 422 424 426 429 430 431 433 434 436 437 438 439 441 443 445 446 447 448 450 451 452 454 457 460 462 466 467 468 471 472 474 477 478 480 485 486 487 490 497 498 499 500
162 21 262 185 187 194 228 237 256 282 287 288 292 297 326 338 362 373 374 386 390 424 457 468 471 486 487 498 500
163 42 258 262 164 167 168 169 171 173 174 175 177 179 183 185 187 189 192 194 195 196 199 200 201 204 206 208 210 211 215 218 221 227 228 229 232 236 237 238 240 242 244 246 249 254 256 257 265 270 272 277 279 280 281 282 283 284 286 287 288 292 295 297 302 304 306 311 312 314 316 317 319 324 326 330 332 334 338 341 342 343 347 349 350 351 353 355 356 358 359 360 361 362 364 366 367 369 371 373 374 379 381 386 388 389 390 394 398 401 405 406 408 417 418 420 421 422 424 426 429 430 431 433 434 436 437 438 439 441 443 445 446 447 448 450 452 454 457 460 462 466 467 468 471 472 474 477 478 480 485 486 487 490 497 498 499 500
164 99 258 262 167 168 171 175 179 183 185 187 189 192 194 195 196 199 200 201 204 206 210 211 215 218 227 228 229 232 236 237 240 242 244 246 249 254 256 265 270 272 279 280 281 282 283 284 286 287 288 292 297 302 304 306 311 312 314 316 317 319 324 326 330 332 334 338 341 343 347 350 351 353 355 358 359 360 361 362 364 366 371 373 374 379 381 386 388 390 394 398 401 405 406 408 417 418 420 422 424 429 430 431 433 434 436 437 438 441 443 445 446 447 448 450 452 457 460 462 466 467 468 471 472 474 477 478 480 485 486 487 490 497 498 499 500
165 78
166 72
167 36 258 262 168 171 175 179 183 185 187 189 192 194 195 196 199 200 201 204 206 210 211 215 218 227 228 229 232 236 237 240 242 244 246 249 254 256 265 270 272 279 280 281 282 283 284 286 287 288 292 297 302 304 306 311 312 314 316 319 324 326 330 332 334 338 341 343 347 350 351 353 355 358 359 360 361 362 364 366 371 373 374 379 381 386 388 390 394 398 401 405 406 408 417 418 420 424 429 430 431 433 434 436 437 438 441 443 445 446 447 450 452 457 460 462 466 467 468 471 472 474 477 478 480 485 486 487 490 497 498 499 500
168 20 258 262 171 179 183 185 187 189 192 194 195 196 199 201 204 206 210 211 215 218 228 229 232 236 237 242 244 246 256 265 272 280 281 282 283 284 287 288 292 297 302 306 311 312 314 316 319 326 330 332 334 338 347 350 351 353 355 359 360 361 362 366 371 373 374 379 381 386 388 390 394 398 401 405 408 418 420 424 429 430 433 434 436 437 438 441 443 445 446 447 450 457 460 462 466 468 471 472 474 477 480 485 486 487 490 498 499 500
169 91 262 171 179 185 187 194 195 196 201 211 215 228 232 237 242 256 265 272 282 287 288 292 297 306 312 316 326 338 351 359 360 362 366 371 373 374 386 388 390 405 420 424 433 438 445 446 457 468 471 472 486 487 498 499 500
170 34
171 44 258 262 173 174 175 177 179 183 185 187 189 192 194 195 196 199 200 201 204 206 207 208 210 211 215 218 221 227 228 229 232 236 237 238 240 242 244 246 249 254 256 257 265 270 272 277 279 280 281 282 283 284 286 287 288 292 295 297 302 304 306 311 312 314 316 317 319 324 326 330 332 334 338 341 342 343 347 349 350 351 353 355 356 358 359 360 361 362 364 366 367 369 371 373 374 379 381 386 388 389 390 394 398 401 405 406 408 417 418 420 421 422 424 426 429 430 431 433 434 436 437 438 439 441 442 443 445 446 447 448 450 451 452 454 457 460 462 466 467 468 471 472 474 477 478 480 485 486 487 490 497 498 499 500
172 90
173 88 262 179 185 187 194 195 196 201 211 215 228 232 237 242 256 265 272 282 287 288 292 297 306 312 316 326 338 351 359 360 362 366 371 373 374 386 388 390 405 420 424 433 438 445 446 457 468 471 472 486 487 498 499 500
174 89 262 179 185 187 194 195 196 201 211 215 228 237 242 256 265 272 282 287 288 292 297 306 312 316 326 338 351 359 360 362 366 371 373 374 386 388 390 405 420 424 438 445 446 457 468 471 472 486 487 498 500
175 64 262 179 185 187 194 195 196 201 211 215 228 232 237 242 256 265 272 282 287 288 292 297 306 312 316 326 338 350 351 359 360 362 366 371 373 374 386 388 390 394 405 420 424 433 438 445 446 457 460 462 468 471 472 474 486 487 498 499 500
176 96
177 78 262 179 185 187 194 195 196 201 211 215 228 237 242 256 265 272 282 287 288 292 297 306 312 316 326 338 351 359 360 362 366 371 373 374 386 388 390 405 420 424 438 445 446 457 468 471 486 487 498 500
178 30
179 78 258 262 183 185 187 189 192 194 195 196 199 200 201 204 206 207 208 210 211 215 218 221 227 228 229 232 236 237 238 240 242 244 246 249 254 256 257 265 270 272 277 279 280 281 282 283 284 286 287 288 292 295 297 302 304 306 311 312 314 316 317 319 324 326 330 332 334 338 341 342 343 347 349 350 351 353 355 356 358 359 360 361 362 364 366 367 369 371 373 374 379 381 386 388 389 390 394 398 401 405 406 408 417 418 420 421 422 424 426 429 430 431 433 434 436 437 438 439 441 442 443 445 446 447 448 450 451 452 454 457 460 462 466 467 468 471 472 474 477 478 480 485 486 487 490 497 498 499 500
180 57
181 51
182 30
183 96 258 262 185 187 189 192 194 195 196 199 201 204 206 210 211 215 218 227 228 229 232 236 237 242 244 246 256 265 272 279 280 281 282 283 284 286 287 288 292 297 302 306 311 312 314 316 319 326 330 332 334 338 343 347 350 351 353 355 359 360 361 362 364 366 371 373 374 379 381 386 388 390 394 398 401 405 406 408 418 420 424 429 430 431 433 434 436 437 438 441 443 445 446 447 450 457 460 462 466 468 471 472 474 477 478 480 485 486 487 490 497 498 499 500
184 90
185 35 258 259 261 262 186 187 189 192 194 195 196 199 200 201 204 205 206 207 208 210 211 214 215 217 218 221 225 227 228 229 232 236 237 238 240 242 244 245 246 247 249 251 254 256 257 263 265 267 269 270 271 272 277 279 280 281 282 283 284 285 286 287 288 292 294 295 297 298 300 302 304 306 309 311 312 314 316 317 319 321 324 326 328 330 332 334 338 341 342 343 347 349 350 351 353 355 356 357 358 359 360 361 362 364 366 367 369 371 373 374 376 379 381 386 387 388 389 390 394 398 401 405 406 408 417 418 420 421 422 424 426 428 429 430 431 433 434 436 437 438 439 441 442 443 445 446 447 448 450 451 452 453 454 457 460 462 466 467 468 471 472 474 477 478 480 484 485 486 487 488 490 492 497 498 499 500
186 49 256 287 297 326 362 374 424
187 69 258 261 262 189 192 194 195 196 199 200 201 204 206 207 208 210 211 215 218 221 227 228 229 232 236 237 238 240 242 244 245 246 247 249 254 256 257 263 265 267 269 270 272 277 279 280 281 282 283 284 286 287 288 292 294 295 297 298 302 304 306 309 311 312 314 316 317 319 324 326 330 332 334 338 341 342 343 347 349 350 351 353 355 356 357 358 359 360 361 362 364 366 367 369 371 373 374 376 379 381 386 387 388 389 390 394 398 401 405 406 408 417 418 420 421 422 424 426 428 429 430 431 433 434 436 437 438 439 441 442 443 445 446 447 448 450 451 452 454 457 460 462 466 467 468 471 472 474 477 478 480 484 485 486 487 488 490 497 498 499 500
188 49
189 77 258 262 192 194 195 196 199 200 201 204 206 210 211 215 218 227 228 229 232 236 237 242 244 246 249 256 265 270 272 279 280 281 282 283 284 286 287 288 292 297 302 306 311 312 314 316 319 326 330 332 334 338 341 343 347 350 351 353 355 358 359 360 361 362 364 366 371 373 374 379 381 386 388 390 394 398 401 405 406 408 417 418 420 424 429 430 431 433 434 436 437 438 441 443 445 446 447 450 452 457 460 462 466 467 468 471 472 474 477 478 480 485 486 487 490 497 498 499 500
190 80
191 24
192 44 258 262 194 195 196 199 201 204 206 210 211 215 218 227 228 229 232 236 237 242 244 246 256 265 272 279 280 281 282 283 284 286 287 288 292 297 302 306 311 312 314 316 319 326 330 332 334 338 343 347 350 351 353 355 359 360 361 362 364 366 371 373 374 379 381 386 388 390 394 398 401 405 406 408 417 418 420 424 429 430 431 433 434 436 437 438 441 443 445 446 447 450 457 460 462 466 467 468 471 472 474 477 478 480 485 486 487 490 497 498 499 500
193 67
194 28 258 262 195 196 199 200 201 204 206 207 208 210 211 215 218 221 227 228 229 232 236 237 238 240 242 244 246 247 249 254 256 257 263 265 267 270 272 277 279 280 281 282 283 284 286 287 288 292 294 295 297 302 304 306 309 311 312 314 316 317 319 324 326 330 332 334 338 341 342 343 347 349 350 351 353 355 356 358 359 360 361 362 364 366 367 369 371 373 374 376 379 381 386 388 389 390 394 398 401 405 406 408 417 418 420 421 422 424 426 429 430 431 433 434 436 437 438 439 441 442 443 445 446 447 448 450 451 452 454 457 460 462 466 467 468 471 472 474 477 478 480 485 486 487 490 497 498 499 500
195 48 258 262 196 199 200 201 204 206 208 210 211 215 218 227 228 229 232 236 237 238 240 242 244 246 249 254 256 265 270 272 277 279 280 281 282 283 284 286 287 288 292 297 302 304 306 311 312 314 316 317 319 324 326 330 332 334 338 341 342 343 347 350 351 353 355 356 358 359 360 361 362 364 366 367 371 373 374 379 381 386 388 390 394 398 401 405 406 408 417 418 420 422 424 426 429 430 431 433 434 436 437 438 439 441 443 445 446 447 448 450 452 454 457 460 462 466 467 468 471 472 474 477 478 480 485 486 487 490 497 498 499 500
196 80 258 262 199 200 201 204 206 208 210 211 215 218 227 228 229 232 236 237 238 240 242 244 246 249 254 256 265 270 272 277 279 280 281 282 283 284 286 287 288 292 297 302 304 306 311 312 314 316 317 319 324 326 330 332 334 338 341 342 343 347 350 351 353 355 356 358 359 360 361 362 364 366 367 371 373 374 379 381 386 388 390 394 398 401 405 406 408 417 418 420 422 424 426 429 430 431 433 434 436 437 438 439 441 443 445 446 447 448 450 452 454 457 460 462 466 467 468 471 472 474 477 478 480 485 486 487 490 497 498 499 500
197 35
198 46 256 297
199 44 262 201 204 206 211 215 218 228 232 236 237 242 244 246 256 265 272 281 282 284 287 288 292 297 306 311 312 314 316 319 326 330 332 334 338 347 350 351 353 359 360 361 362 366 371 373 374 379 381 386 388 390 394 405 408 420 424 429 430 433 434 436 437 438 441 443 445 446 447 457 460 462 468 471 472 474 480 485 486 487 490 498 499 500
200 40 262 201 204 211 215 218 228 232 237 242 256 265 272 282 287 288 292 297 306 311 312 316 326 338 350 351 359 360 362 366 371 373 374 386 388 390 394 405 420 424 433 438 445 446 447 457 460 462 468 471 472 474 486 487 498 499 500
201 76 258 262 204 206 208 210 211 215 218 221 227 228 229 232 236 237 238 240 242 244 246 249 254 256 257 265 270 272 277 279 280 281 282 283 284 286 287 288 292 295 297 302 304 306 311 312 314 316 317 319 324 326 330 332 334 338 341 342 343 347 349 350 351 353 355 356 358 359 360 361 362 364 366 367 369 371 373 374 379 381 386 388 389 390 394 398 401 405 406 408 417 418 420 421 422 424 426 429 430 431 433 434 436 437 438 439 441 442 443 445 446 447 448 450 451 452 454 457 460 462 466 467 468 471 472 474 477 478 480 485 486 487 490 497 498 499 500
202 99
203 86
204 84 258 262 206 210 211 215 218 227 228 229 232 236 237 242 244 246 249 256 265 270 272 279 280 281 282 283 284 286 287 288 292 297 302 306 311 312 314 316 319 326 330 332 334 338 341 343 347 350 351 353 355 358 359 360 361 362 364 366 371 373 374 379 381 386 388 390 394 398 401 405 406 408 417 418 420 424 429 430 431 433 434 436 437 438 441 443 445 446 447 450 452 457 460 462 466 467 468 471 472 474 477 478 480 485 486 487 490 497 498 499 500
205 93 256 287 297 326 374 424
206 25 262 211 215 218 228 229 232 236 237 242 244 246 256 265 272 281 282 283 284 287 288 292 297 302 306 311 312 314 316 319 326 330 332 334 338 347 350 351 353 359 360 361 362 366 371 373 374 379 381 386 388 390 394 398 401 405 408 420 424 429 430 433 434 436 437 438 441 443 445 446 447 457 460 462 468 471 472 474 480 485 486 487 490 498 499 500
207 71 262 211 228 237 256 282 287 288 292 297 326 338 362 373 374 386 390 424 457 468 471 486 487 498 500
208 25 262 211 215 228 237 242 256 265 272 282 287 288 292 297 306 312 316 326 338 351 359 360 362 366 371 373 374 386 388 390 405 420 424 438 445 446 457 468 471 472 486 487 498 500
209 66
210 27 262 211 215 218 228 232 236 237 242 244 246 256 265 272 281 282 287 288 292 297 306 311 312 316 326 332 338 347 350 351 353 359 360 361 362 366 371 373 374 381 386 388 390 394 405 420 424 433 438 443 445 446 447 457 460 462 468 471 472 474 485 486 487 490 498 499 500
211 80 258 262 215 218 221 227 228 229 232 236 237 238 240 242 244 246 249 254 256 257 265 270 272 277 279 280 281 282 283 284 286 287 288 292 295 297 302 304 306 309 311 312 314 316 317 319 324 326 330 332 334 338 341 342 343 347 349 350 351 353 355 356 358 359 360 361 362 364 366 367 369 371 373 374 379 381 386 388 389 390 394 398 401 405 406 408 417 418 420 421 422 424 426 429 430 431 433 434 436 437 438 439 441 442 443 445 446 447 448 450 451 452 454 457 460 462 466 467 468 471 472 474 477 478 480 485 486 487 490 497 498 499 500
212 57
213 96 256 297
214 51 256 287 297 326 362 374 424
215 28 258 262 218 221 227 228 229 232 236 237 238 240 242 244 246 249 254 256 257 265 270 272 277 279 280 281 282 283 284 286 287 288 292 295 297 302 304 306 311 312 314 316 317 319 324 326 330 332 334 338 341 342 343 347 349 350 351 353 355 356 358 359 360 361 362 364 366 367 369 371 373 374 379 381 386 388 389 390 394 398 401 405 406 408 417 418 420 421 422 424 426 429 430 431 433 434 436 437 438 439 441 443 445 446 447 448 450 451 452 454 457 460 462 466 467 468 471 472 474 477 478 480 485 486 487 490 497 498 499 500
216 82
217 94 256 282 287 297 326 362 374 424 457 471
218 48 258 262 227 228 229 232 236 237 242 244 246 249 256 265 270 272 279 280 281 282 283 284 286 287 288 292 297 302 306 311 312 314 316 319 326 330 332 334 338 341 343 347 350 351 353 355 358 359 360 361 362 364 366 371 373 374 379 381 386 388 390 394 398 401 405 406 408 417 418 420 424 429 430 431 433 434 436 437 438 441 443 445 446 447 450 452 457 460 462 466 467 468 471 472 474 477 478 480 485 486 487 490 497 498 499 500
219 40
220 65
221 54 262 228 237 256 265 282 287 288 292 297 306 316 326 338 362 366 373 374 386 390 405 420 424 446 457 468 471 486 487 498 500
222 92
223 23
224 72
225 81 256 282 287 292 297 326 362 374 386 424 457 471
226 37
227 71 262 228 232 237 242 256 265 272 282 287 288 292 297 306 311 312 316 326 332 338 347 350 351 353 359 360 361 362 366 371 373 374 386 388 390 394 405 420 424 433 438 443 445 446 447 457 460 462 468 471 472 474 485 486 487 490 498 499 500
228 72 258 262 229 232 236 237 238 240 242 244 246 249 254 256 257 265 267 270 272 277 279 280 281 282 283 284 286 287 288 292 294 295 297 302 304 306 309 311 312 314 316 317 319 324 326 330 332 334 338 341 342 343 347 349 350 351 353 355 356 358 359 360 361 362 364 366 367 369 371 373 374 376 379 381 386 388 389 390 394 398 401 405 406 408 417 418 420 421 422 424 426 429 430 431 433 434 436 437 438 439 441 442 443 445 446 447 448 450 451 452 454 457 460 462 466 467 468 471 472 474 477 478 480 485 486 487 490 497 498 499 500
229 40 262 232 236 237 242 244 246 256 265 272 281 282 284 287 288 292 297 306 311 312 316 326 330 332 338 347 350 351 353 359 360 361 362 366 371 373 374 379 381 386 388 390 394 405 408 420 424 433 434 437 438 441 443 445 446 447 457 460 462 468 471 472 474 485 486 487 490 498 499 500
230 95
231 31
232 39 258 262 236 237 240 242 244 246 249 254 256 265 270 272 279 280 281 282 283 284 286 287 288 292 297 302 304 306 311 312 314 316 317 319 324 326 330 332 334 338 341 343 347 350 351 353 355 358 359 360 361 362 364 366 367 371 373 374 379 381 386 388 390 394 398 401 405 406 408 417 418 420 422 424 429 430 431 433 434 436 437 438 441 443 445 446 447 448 450 452 457 460 462 466 467 468 471 472 474 477 478 480 485 486 487 490 497 498 499 500
233 25
234 90
235 77 256 297
236 73 258 262 237 242 244 246 256 265 272 280 281 282 283 284 286 287 288 292 297 302 306 311 312 314 316 319 326 330 332 334 338 343 347 350 351 353 355 359 360 361 362 364 366 371 373 374 379 381 386 388 390 394 398 401 405 406 408 418 420 424 429 430 433 434 436 437 438 441 443 445 446 447 450 457 460 462 466 468 471 472 474 477 480 485 486 487 490 498 499 500
237 25 258 261 262 238 240 242 244 246 247 249 254 256 257 263 265 267 270 272 277 279 280 281 282 283 284 286 287 288 292 294 295 297 302 304 306 309 311 312 314 316 317 319 324 326 330 332 334 338 341 342 343 347 349 350 351 353 355 356 358 359 360 361 362 364 366 367 369 371 373 374 376 379 381 386 388 389 390 394 398 401 405 406 408 417 418 420 421 422 424 426 429 430 431 433 434 436 437 438 439 441 442 443 445 446 447 448 450 451 452 454 457 460 462 466 467 468 471 472 474 477 478 480 484 485 486 487 490 497 498 499 500
238 57 262 242 256 265 282 287 288 292 297 306 312 316 326 338 351 359 360 362 366 371 373 374 386 388 390 405 420 424 438 446 457 468 471 486 487 498 500
239 67
240 21 262 242 256 265 272 282 287 288 292 297 306 312 316 326 338 350 351 359 360 362 366 371 373 374 386 388 390 394 405 420 424 433 438 445 446 457 460 462 468 471 472 474 486 487 498 499 500
241 23
242 70 258 262 244 246 249 254 256 257 265 270 272 277 279 280 281 282 283 284 286 287 288 292 297 302 304 306 311 312 314 316 317 319 324 326 330 332 334 338 341 342 343 347 349 350 351 353 355 356 358 359 360 361 362 364 366 367 369 371 373 374 379 381 386 388 390 394 398 401 405 406 408 417 418 420 422 424 426 429 430 431 433 434 436 437 438 439 441 443 445 446 447 448 450 452 454 457 460 462 466 467 468 471 472 474 477 478 480 485 486 487 490 497 498 499 500
243 39
244 35 262 246 256 265 272 280 281 282 283 284 287 288 292 297 302 306 311 312 314 316 319 326 330 332 334 338 347 350 351 353 355 359 360 361 362 366 371 373 374 379 381 386 388 390 394 398 401 405 408 418 420 424 429 430 433 434 436 437 438 441 443 445 446 447 450 457 460 462 466 468 471 472 474 480 485 486 487 490 498 499 500
245 68 256 282 287 292 297 326 362 374 386 424 457 468 471 498 500
246 91 262 256 265 272 280 281 282 283 284 287 288 292 297 302 306 311 312 314 316 319 326 330 332 334 338 347 350 351 353 355 359 360 361 362 366 371 373 374 379 381 386 388 390 394 398 401 405 408 418 420 424 429 430 433 434 436 437 438 441 443 445 446 447 450 457 460 462 466 468 471 472 474 480 485 486 487 490 498 499 500
247 21 256 282 287 288 292 297 326 338 362 373 374 386 390 424 457 468 471 486 487 498 500
248 21
249 46 262 256 265 272 282 287 288 292 297 306 312 316 326 338 350 351 359 360 362 366 371 373 374 386 388 390 394 405 420 424 433 438 445 446 447 457 460 462 468 471 472 474 486 487 498 499 500
250 57
251 67 256 282 287 297 326 362 374 424 457 471
252 60 256 297
253 24
254 89 262 256 265 272 282 287 288 292 297 306 312 316 326 338 350 351 359 360 362 366 371 373 374 386 388 390 394 405 420 424 433 438 445 446 457 460 462 468 471 472 474 486 487 498 499 500
255 82
256 72 258 259 261 262 257 263 265 267 269 270 271 272 277 279 280 281 282 283 284 285 286 287 288 292 294 295 297 298 300 302 304 306 309 311 312 314 315 316 317 319 321 324 326 328 330 332 334 338 341 342 343 347 349 350 351 353 355 356 357 358 359 360 361 362 364 366 367 369 371 373 374 376 379 381 386 387 388 389 390 392 393 394 398 400 401 405 406 407 408 417 418 420 421 422 424 426 428 429 430 431 433 434 436 437 438 439 440 441 442 443 445 446 447 448 450 451 452 453 454 457 460 462 466 467 468 471 472 474 477 478 480 484 485 486 487 488 489 490 492 497 498 499 500
257 20 262 265 282 287 288 292 297 306 312 316 326 338 359 362 366 373 374 386 390 405 420 424 446 457 468 471 486 487 498 500
258 44 262 265 272 281 282 287 288 292 297 306 311 312 316 326 332 338 347 350 351 353 359 360 361 362 366 371 373 374 386 388 390 394 405 420 424 433 438 443 445 446 447 457 460 462 468 471 472 474 485 486 487 490 498 499 500
259 37 282 287 297 326 362 374 424 457 471
260 91
261 29 282 287 288 292 297 326 338 362 374 386 390 424 457 468 471 486 487 498 500
262 27 265 270 272 277 279 280 281 282 283 284 286 287 288 292 295 297 302 304 306 309 311 312 314 316 317 319 324 326 330 332 334 338 341 342 343 347 349 350 351 353 355 356 358 359 360 361 362 364 366 367 369 371 373 374 376 379 381 386 388 389 390 394 398 401 405 406 408 417 418 420 421 422 424 426 429 430 431 433 434 436 437 438 439 441 442 443 445 446 447 448 450 451 452 454 457 460 462 466 467 468 471 472 474 477 478 480 485 486 487 490 497 498 499 500
263 84 282 287 288 292 297 326 338 362 373 374 386 390 424 457 468 471 486 487 498 500
264 91
265 87 270 272 277 279 280 281 282 283 284 286 287 288 292 295 297 302 304 306 311 312 314 316 317 319 324 326 330 332 334 338 341 342 343 347 349 350 351 353 355 356 358 359 360 361 362 364 366 367 369 371 373 374 379 381 386 388 389 390 394 398 401 405 406 408 417 418 420 421 422 424 426 429 430 431 433 434 436 437 438 439 441 443 445 446 447 448 450 452 454 457 460 462 466 467 468 471 472 474 477 478 480 485 486 487 490 497 498 499 500
266 34
267 31 282 287 288 292 297 326 338 362 373 374 386 390 424 457 468 471 486 487 498 500
268 20
269 73 282 287 292 297 326 338 362 374 386 390 424 457 468 471 487 498 500
270 36 272 282 287 288 292 297 306 312 316 326 338 350 351 359 360 362 366 371 373 374 386 388 390 394 405 420 424 433 438 445 446 447 457 460 462 468 471 472 474 486 487 498 499 500
271 99 287 297 374 424
272 29 279 280 281 282 283 284 286 287 288 292 297 302 304 306 311 312 314 316 317 319 324 326 330 332 334 338 341 343 347 350 351 353 355 356 358 359 360 361 362 364 366 367 371 373 374 379 381 386 388 390 394 398 401 405 406 408 417 418 420 422 424 426 429 430 431 433 434 436 437 438 441 443 445 446 447 448 450 452 457 460 462 466 467 468 471 472 474 477 478 480 485 486 487 490 497 498 499 500
273 21
274 57
275 74
276 38
277 78 282 287 288 292 297 306 312 316 326 338 351 359 360 362 366 371 373 374 386 388 390 405 420 424 438 446 457 468 471 486 487 498 500
278 98
279 69 282 287 288 292 297 306 311 312 316 326 332 338 347 350 351 353 359 360 361 362 366 371 373 374 386 388 390 394 405 420 424 433 438 443 445 446 447 457 460 462 468 471 472 474 485 486 487 490 498 499 500
280 43 281 282 284 287 288 292 297 306 311 312 316 326 332 338 347 350 351 353 359 360 361 362 366 371 373 374 379 381 386 388 390 394 405 408 420 424 433 438 443 445 446 447 457 460 462 468 471 472 474 485 486 487 490 498 499 500
281 84 282 283 284 287 288 292 297 302 306 311 312 314 316 319 326 330 332 334 338 347 350 351 353 355 359 360 361 362 366 371 373 374 379 381 386 388 390 394 398 401 405 408 418 420 424 429 430 433 434 436 437 438 441 443 445 446 447 450 457 460 462 466 468 471 472 474 477 480 485 486 487 490 498 499 500
282 77 283 284 285 286 287 288 292 294 295 297 298 302 304 306 309 311 312 314 316 317 319 324 326 330 332 334 338 341 342 343 347 349 350 351 353 355 356 357 358 359 360 361 362 364 366 367 369 371 373 374 376 379 381 386 387 388 389 390 394 398 401 405 406 408 417 418 420 421 422 424 426 428 429 430 431 433 434 436 437 438 439 441 442 443 445 446 447 448 450 451 452 454 457 460 462 466 467 468 471 472 474 477 478 480 484 485 486 487 488 490 492 497 498 499 500
283 61 284 287 288 292 297 306 311 312 316 326 330 332 338 347 350 351 353 359 360 361 362 366 371 373 374 379 381 386 388 390 394 405 408 420 424 433 434 437 438 441 443 445 446 447 457 460 462 468 471 472 474 485 486 487 490 498 499 500
284 79 287 288 292 297 302 306 311 312 314 316 319 326 330 332 334 338 347 350 351 353 359 360 361 362 366 371 373 374 379 381 386 388 390 394 398 401 405 408 418 420 424 429 430 433 434 436 437 438 441 443 445 446 447 457 460 462 466 468 471 472 474 480 485 486 487 490 498 499 500
285 91 287 297 326 362 374 424 457 471
286 49 287 288 292 297 306 311 312 316 326 332 338 347 350 351 353 359 360 361 362 366 371 373 374 386 388 390 394 405 420 424 433 438 443 445 446 447 457 460 462 468 471 472 474 485 486 487 490 498 499 500
287 89 288 292 294 295 297 298 300 302 304 306 309 311 312 314 316 317 319 321 324 326 328 330 332 334 338 341 342 343 347 349 350 351 353 355 356 357 358 359 360 361 362 364 366 367 369 371 373 374 376 379 381 386 387 388 389 390 393 394 398 401 405 406 407 408 417 418 420 421 422 424 426 428 429 430 431 433 434 436 437 438 439 441 442 443 445 446 447 448 450 451 452 453 454 457 460 462 466 467 468 471 472 474 477 478 480 484 485 486 487 488 489 490 492 497 498 499 500
288 32 292 294 295 297 302 304 306 309 311 312 314 316 317 319 324 326 330 332 334 338 341 342 343 347 349 350 351 353 355 356 358 359 360 361 362 364 366 367 369 371 373 374 376 379 381 386 388 389 390 394 398 401 405 406 408 417 418 420 421 422 424 426 429 430 431 433 434 436 437 438 439 441 442 443 445 446 447 448 450 451 452 454 457 460 462 466 467 468 471 472 474 477 478 480 484 485 486 487 490 497 498 499 500
289 23
290 83
291 21
292 90 294 295 297 298 302 304 306 309 311 312 314 316 317 319 324 326 330 332 334 338 341 342 343 347 349 350 351 353 355 356 357 358 359 360 361 362 364 366 367 369 371 373 374 376 379 381 386 387 388 389 390 394 398 401 405 406 408 417 418 420 421 422 424 426 428 429 430 431 433 434 436 437 438 439 441 442 443 445 446 447 448 450 451 452 454 457 460 462 466 467 468 471 472 474 477 478 480 484 485 486 487 488 490 492 497 498 499 500
293 85
294 77 297 326 338 362 373 374 386 390 424 457 468 471 486 487 498 500
295 100 297 306 316 326 338 362 366 373 374 386 390 405 420 424 446 457 468 471 486 487 498 500
296 94
297 23 298 300 302 304 306 309 311 312 314 315 316 317 319 321 324 326 328 330 332 334 338 341 342 343 347 349 350 351 353 355 356 357 358 359 360 361 362 364 366 367 369 371 373 374 376 379 381 386 387 388 389 390 392 393 394 398 400 401 405 406 407 408 417 418 420 421 422 424 425 426 428 429 430 431 433 434 436 437 438 439 440 441 442 443 445 446 447 448 450 451 452 453 454 457 460 462 466 467 468 471 472 474 477 478 480 484 485 486 487 488 489 490 492 497 498 499 500
298 52 326 362 374 386 424 457 468 471 498 500
299 71
300 84 326 374 424
301 85
302 98 306 311 312 316 326 330 332 338 347 350 351 353 359 360 361 362 366 371 373 374 379 381 386 388 390 394 405 408 420 424 433 434 437 438 443 445 446 447 457 460 462 468 471 472 474 485 486 487 490 498 499 500
303 31
304 20 306 312 316 326 338 350 351 359 360 362 366 371 373 374 386 388 390 394 405 420 424 433 438 445 446 457 460 462 468 471 472 474 486 487 498 499 500
305 69
306 92 311 312 314 316 317 319 324 326 330 332 334 338 341 342 343 347 349 350 351 353 355 356 358 359 360 361 362 364 366 367 369 371 373 374 379 381 386 388 389 390 394 398 401 405 406 408 417 418 420 421 422 424 426 429 430 431 433 434 436 437 438 439 441 443 445 446 447 448 450 452 454 457 460 462 466 467 468 471 472 474 477 478 480 485 486 487 490 497 498 499 500
307 25
308 74
309 97 326 338 362 373 374 386 390 424 457 468 471 486 487 498 500
310 34
311 61 312 314 316 319 326 330 332 334 338 341 343 347 350 351 353 355 358 359 360 361 362 364 366 371 373 374 379 381 386 388 390 394 398 401 405 406 408 417 418 420 424 429 430 431 433 434 436 437 438 441 443 445 446 447 450 457 460 462 466 467 468 471 472 474 477 478 480 485 486 487 490 497 498 499 500
312 47 314 316 317 319 324 326 330 332 334 338 341 342 343 347 349 350 351 353 355 356 358 359 360 361 362 364 366 367 369 371 373 374 379 381 386 388 390 394 398 401 405 406 408 417 418 420 421 422 424 426 429 430 431 433 434 436 437 438 439 441 443 445 446 447 448 450 452 454 457 460 462 466 467 468 471 472 474 477 478 480 485 486 487 490 497 498 499 500
313 87
314 28 316 319 326 330 332 334 338 347 350 351 353 359 360 361 362 366 371 373 374 379 381 386 388 390 394 405 408 420 424 429 430 433 434 436 437 438 441 443 445 446 447 457 460 462 468 471 472 474 480 485 486 487 490 498 499 500
315 82
316 85 317 319 324 326 330 332 334 338 341 342 343 347 349 350 351 353 355 356 358 359 360 361 362 364 366 367 369 371 373 374 379 381 386 388 389 390 394 398 401 405 406 408 417 418 420 421 422 424 426 429 430 431 433 434 436 437 438 439 441 443 445 446 447 448 450 452 454 457 460 462 466 467 468 471 472 474 477 478 480 485 486 487 490 497 498 499 500
317 97 326 338 350 351 359 360 362 366 371 373 374 386 388 390 394 405 420 424 433 438 445 446 457 468 471 472 474 486 487 498 499 500
318 93
319 40 326 330 332 334 338 347 350 351 353 359 360 361 362 366 371 373 374 379 381 386 388 390 394 405 408 420 424 429 430 433 434 437 438 441 443 445 446 447 457 460 462 468 471 472 474 480 485 486 487 490 498 499 500
320 23
321 37 326 362 374 424
322 46
323 70
324 94 326 338 350 351 359 360 362 366 371 373 374 386 388 390 394 405 420 424 433 438 445 446 457 460 462 468 471 472 474 486 487 498 499 500
325 30
326 74 328 330 332 334 338 341 342 343 347 349 350 351 353 355 356 357 358 359 360 361 362 364 366 367 369 371 373 374 376 379 381 386 387 388 389 390 394 398 401 405 406 408 417 418 420 421 422 424 426 428 429 430 431 433 434 436 437 438 439 441 442 443 445 446 447 448 450 451 452 453 454 457 460 462 466 467 468 471 472 474 477 478 480 484 485 486 487 488 490 492 497 498 499 500
327 47
328 57 362 374 424
329 33
330 32 332 334 338 347 350 351 353 359 360 361 362 366 371 373 374 379 381 386 388 390 394 398 401 405 408 420 424 429 430 433 434 436 437 438 441 443 445 446 447 457 460 462 468 471 472 474 480 485 486 487 490 498 499 500
331 82
332 67 334 338 343 347 350 351 353 355 359 360 361 362 364 366 371 373 374 379 381 386 388 390 394 398 401 405 406 408 418 420 424 429 430 431 433 434 436 437 438 441 443 445 446 447 450 457 460 462 466 467 468 471 472 474 477 478 480 485 486 487 490 497 498 499 500
333 53
334 80 338 347 350 351 353 359 360 361 362 366 371 373 374 379 381 386 388 390 394 405 408 420 424 429 430 433 434 437 438 441 443 445 446 447 457 460 462 468 471 472 474 480 485 486 487 490 498 499 500
335 64
336 21
337 48
338 57 341 342 343 347 349 350 351 353 355 356 358 359 360 361 362 364 366 367 369 371 373 374 376 379 381 386 387 388 389 390 394 398 401 405 406 408 417 418 420 421 422 424 426 429 430 431 433 434 436 437 438 439 441 442 443 445 446 447 448 450 451 452 454 457 460 462 466 467 468 471 472 474 477 478 480 484 485 486 487 490 497 498 499 500
339 43
340 64
341 88 350 351 359 360 362 366 371 373 374 386 388 390 394 405 420 424 433 438 445 446 447 457 460 462 468 471 472 474 486 487 498 499 500
342 25 351 359 360 362 366 371 373 374 386 390 405 420 424 438 446 457 468 471 486 487 498 500
343 27 347 350 351 353 359 360 361 362 366 371 373 374 386 388 390 394 405 420 424 433 438 443 445 446 447 457 460 462 468 471 472 474 485 486 487 490 498 499 500
344 90
345 67
346 87
347 67 350 351 353 355 359 360 361 362 364 366 371 373 374 379 381 386 388 390 394 398 401 405 406 408 418 420 424 429 430 431 433 434 436 437 438 441 443 445 446 447 450 457 460 462 466 468 471 472 474 477 480 485 486 487 490 497 498 499 500
348 28
349 71 359 362 366 373 374 386 390 405 420 424 446 457 468 471 486 487 498 500
350 21 351 353 355 358 359 360 361 362 364 366 371 373 374 379 381 386 388 390 394 398 401 405 406 408 417 418 420 422 424 429 430 431 433 434 436 437 438 441 443 445 446 447 448 450 452 457 460 462 466 467 468 471 472 474 477 478 480 485 486 487 490 497 498 499 500
351 20 353 355 356 358 359 360 361 362 364 366 367 371 373 374 379 381 386 388 390 394 398 401 405 406 408 417 418 420 422 424 426 429 430 431 433 434 436 437 438 439 441 443 445 446 447 448 450 452 457 460 462 466 467 468 471 472 474 477 478 480 485 486 487 490 497 498 499 500
352 72
353 93 355 359 360 361 362 364 366 371 373 374 379 381 386 388 390 394 398 401 405 406 408 418 420 424 429 430 431 433 434 436 437 438 441 443 445 446 447 450 457 460 462 466 468 471 472 474 477 480 485 486 487 490 498 499 500
354 44
355 86 359 360 361 362 366 371 373 374 381 386 388 390 394 405 420 424 433 438 443 445 446 447 457 460 462 468 471 472 474 485 486 487 490 498 499 500
356 85 359 360 362 366 371 373 374 386 388 390 405 420 424 438 445 446 457 468 471 472 486 487 498 500
357 39 362 374 386 424 457 468 471 487 498 500
358 78 359 360 362 366 371 373 374 386 388 390 394 405 420 424 433 438 445 446 447 457 460 462 468 471 472 474 486 487 498 499 500
359 54 360 361 362 364 366 367 371 373 374 379 381 386 388 390 394 398 401 405 406 408 417 418 420 422 424 426 429 430 431 433 434 436 437 438 439 441 443 445 446 447 448 450 452 454 457 460 462 466 467 468 471 472 474 477 478 480 485 486 487 490 497 498 499 500
360 71 361 362 364 366 367 371 373 374 379 381 386 388 390 394 398 401 405 406 408 417 418 420 422 424 426 429 430 431 433 434 436 437 438 439 441 443 445 446 447 448 450 452 457 460 462 466 467 468 471 472 474 477 478 480 485 486 487 490 497 498 499 500
361 48 362 364 366 371 373 374 379 381 386 388 390 394 398 401 405 406 408 418 420 424 429 430 431 433 434 436 437 438 441 443 445 446 447 450 457 460 462 466 468 471 472 474 477 478 480 485 486 487 490 497 498 499 500
362 74 364 366 367 369 371 373 374 376 379 381 386 387 388 389 390 394 398 401 405 406 408 417 418 420 421 422 424 426 428 429 430 431 433 434 436 437 438 439 441 442 443 445 446 447 448 450 451 452 453 454 457 460 462 466 467 468 471 472 474 477 478 480 484 485 486 487 488 490 492 497 498 499 500
363 54
364 93 366 371 373 374 386 388 390 394 405 420 424 433 438 443 445 446 447 457 460 462 468 471 472 474 485 486 487 490 498 499 500
365 52
366 53 367 369 371 373 374 379 381 386 388 389 390 394 398 401 405 406 408 417 418 420 421 422 424 426 429 430 431 433 434 436 437 438 439 441 442 443 445 446 447 448 450 451 452 454 457 460 462 466 467 468 471 472 474 477 478 480 485 486 487 490 497 498 499 500
367 51 371 373 374 386 388 390 405 420 424 433 438 445 446 457 468 471 472 486 487 498 499 500
368 48
369 62 373 374 386 390 405 420 424 446 457 468 471 486 487 498 500
370 36
371 48 373 374 379 381 386 388 390 394 398 401 405 406 408 417 418 420 422 424 426 429 430 431 433 434 436 437 438 439 441 443 445 446 447 448 450 452 454 457 460 462 466 467 468 471 472 474 477 478 480 485 486 487 490 497 498 499 500
372 98
373 26 374 376 379 381 386 388 389 390 394 398 401 405 406 408 417 418 420 421 422 424 426 429 430 431 433 434 436 437 438 439 441 442 443 445 446 447 448 450 451 452 454 457 460 462 466 467 468 471 472 474 477 478 480 485 486 487 490 497 498 499 500
374 70 376 379 381 386 387 388 389 390 393 394 398 401 405 406 407 408 417 418 420 421 422 424 426 428 429 430 431 433 434 436 437 438 439 441 442 443 445 446 447 448 450 451 452 453 454 457 460 462 466 467 468 471 472 474 477 478 480 484 485 486 487 488 489 490 492 497 498 499 500
375 50
376 42 386 390 424 457 468 471 486 487 498 500
377 32
378 36
379 36 381 386 388 390 394 398 401 405 408 418 420 424 429 430 433 434 436 437 438 441 443 445 446 447 457 460 462 468 471 472 474 480 485 486 487 490 498 499 500
380 85
381 35 386 388 390 394 398 401 405 408 418 420 424 429 430 433 434 436 437 438 441 443 445 446 447 450 457 460 462 466 468 471 472 474 480 485 486 487 490 498 499 500
382 59
383 53
384 60
385 70
386 66 387 388 389 390 394 398 401 405 406 408 417 418 420 421 422 424 426 428 429 430 431 433 434 436 437 438 439 441 442 443 445 446 447 448 450 451 452 454 457 460 462 466 467 468 471 472 474 477 478 480 484 485 486 487 488 490 497 498 499 500
387 64 390 424 457 468 471 487 498 500
388 60 390 394 398 401 405 406 408 417 418 420 422 424 426 429 430 431 433 434 436 437 438 439 441 443 445 446 447 448 450 452 457 460 462 466 467 468 471 472 474 477 478 480 485 486 487 490 497 498 499 500
389 29 390 405 420 424 446 457 468 471 486 487 498 500
390 52 394 398 401 405 406 408 417 418 420 421 422 424 426 429 430 431 433 434 436 437 438 439 441 442 443 445 446 447 448 450 451 452 454 457 460 462 466 467 468 471 472 474 477 478 480 484 485 486 487 490 497 498 499 500
391 41
392 28
393 39
394 96 398 401 405 406 408 417 418 420 424 429 430 431 433 434 436 437 438 441 443 445 446 447 448 450 452 457 460 462 466 467 468 471 472 474 477 478 480 485 486 487 490 497 498 499 500
395 22
396 44
397 43
398 83 405 408 420 424 433 434 437 438 441 443 445 446 447 457 460 462 468 471 472 474 485 486 487 490 498 499 500
399 64
400 55
401 50 405 408 420 424 433 434 437 438 441 443 445 446 447 457 460 462 468 471 472 474 485 486 487 490 498 499 500
402 52
403 99
404 71
405 54 406 408 417 418 420 421 422 424 426 429 430 431 433 434 436 437 438 439 441 442 443 445 446 447 448 450 451 452 454 457 460 462 466 467 468 471 472 474 477 478 480 485 486 487 490 497 498 499 500
406 31 420 424 433 438 443 445 446 447 457 460 462 468 471 472 474 485 486 487 490 498 499 500
407 34
408 80 418 420 424 429 430 433 434 436 437 438 441 443 445 446 447 457 460 462 468 471 472 474 480 485 486 487 490 498 499 500
409 82
410 82
411 77
412 54
413 67
414 66
415 58
416 49
417 57 420 424 433 438 445 446 447 457 460 462 468 471 472 474 486 487 498 499 500
418 37 420 424 433 434 437 438 443 445 446 447 457 460 462 468 471 472 474 485 486 487 490 498 499 500
419 27
420 83 421 422 424 426 429 430 431 433 434 436 437 438 439 441 443 445 446 447 448 450 452 454 457 460 462 466 467 468 471 472 474 477 478 480 485 486 487 490 497 498 499 500
421 68 424 446 457 468 471 486 487 498 500
422 86 424 433 438 445 446 457 468 471 472 486 487 498 499 500
423 92
424 65 426 428 429 430 431 433 434 436 437 438 439 441 442 443 445 446 447 448 450 451 452 453 454 457 460 462 466 467 468 471 472 474 477 478 480 484 485 486 487 488 489 490 492 497 498 499 500
425 31
426 96 438 445 446 457 468 471 486 487 498 500
427 100
428 45 457 468 471 487 498 500
429 68 430 433 434 436 437 438 441 443 445 446 447 457 460 462 468 471 472 474 480 485 486 487 490 498 499 500
430 58 433 434 437 438 441 443 445 446 447 457 460 462 468 471 472 474 480 485 486 487 490 498 499 500
431 29 433 438 443 445 446 447 457 460 462 468 471 472 474 485 486 487 490 498 499 500
432 53
433 80 434 436 437 438 441 443 445 446 447 448 450 452 457 460 462 466 467 468 471 472 474 477 478 480 485 486 487 490 497 498 499 500
434 57 436 437 438 441 443 445 446 447 457 460 462 468 471 472 474 480 485 486 487 490 498 499 500
435 61
436 27 437 438 441 443 445 446 447 457 460 462 468 471 472 474 480 485 486 487 490 498 499 500
437 87 438 441 443 445 446 447 457 460 462 468 471 472 474 480 485 486 487 490 498 499 500
438 86 439 441 443 445 446 447 448 450 452 457 460 462 466 467 468 471 472 474 477 478 480 485 486 487 490 497 498 499 500
439 51 445 446 457 468 471 486 487 498 500
440 73
441 37 443 445 446 447 457 460 462 468 471 472 474 480 485 486 487 490 498 499 500
442 67 457 468 471 486 487 498 500
443 77 445 446 447 450 457 460 462 466 468 471 472 474 477 480 485 486 487 490 498 499 500
444 25
445 38 446 447 448 450 452 457 460 462 466 467 468 471 472 474 477 478 480 485 486 487 490 497 498 499 500
446 88 447 448 450 451 452 454 457 460 462 466 467 468 471 472 474 477 478 480 485 486 487 490 497 498 499 500
447 93 450 452 457 460 462 466 467 468 471 472 474 477 478 480 485 486 487 490 497 498 499 500
448 86 457 468 471 472 486 487 498 499 500
449 23
450 98 457 460 462 468 471 472 474 485 486 487 490 498 499 500
451 77 457 468 471 486 487 498 500
452 27 457 460 462 468 471 472 474 486 487 498 499 500
453 40
454 85 457 468 471 486 487 498 500
455 71
456 73
457 57 460 462 466 467 468 471 472 474 477 478 480 484 485 486 487 488 490 492 497 498 499 500
458 96
459 25
460 25 462 466 467 468 471 472 474 477 478 480 485 486 487 490 497 498 499 500
461 62
462 30 466 467 468 471 472 474 477 478 480 485 486 487 490 497 498 499 500
463 94
464 39
465 68
466 53 468 471 472 474 485 486 487 490 498 499 500
467 36 468 471 472 474 486 487 498 499 500
468 62 471 472 474 477 478 480 484 485 486 487 488 490 497 498 499 500
469 66
470 44
471 38 472 474 477 478 480 484 485 486 487 488 490 492 497 498 499 500
472 81 474 477 478 480 485 486 487 490 497 498 499 500
473 59
474 96 477 478 480 485 486 487 490 497 498 499 500
475 83
476 82
477 46 485 486 487 490 498 499 500
478 48 486 487 498 499 500
479 67
480 79 485 486 487 490 498 499 500
481 25
482 32
483 74
484 45 486 487 498 500
485 70 486 487 490 498 499 500
486 81 487 490 497 498 499 500
487 24 490 497 498 499 500
488 73 498 500
489 22
490 74 497 498 499 500
491 69
492 36
493 43
494 73
495 52
496 69
497 95 498 499 500
498 96 499 500
499 40 500
500 67
