250 150
1 64 4 5 6 7 8 10 12 13 15 16 18 24 26 27 28 30 31 33 34 35 36 37 38 39 40 41 50 51 52 53 55 57 58 62 63 64 130 131 68 69 70 71 72 73 74 75 77 78 79 83 86 87 88 90 92 96 97 98 99 100 101 102 103 104 105 106 109 110 111 112 113 114 122 123 125 126 128 129 132 140 141 142 143 145 146 147 149 150 152 153 155 157 160 161 162 163 164 166 168 169 170 171 173 178 179 180 181 182 183 184 185 186 187 188 191 192 193 194 197 198 200 201 203 205 206 209 212 214 217 221 222 223 226 227 230 234 235 238 240 241 245 249 250
2 42 7 10 18 27 28 34 50 51 131 78 79 99 128 152 162 184 200 203 209 212 222 227
3 86 4 7 10 15 18 27 28 34 40 50 51 62 131 78 79 99 128 145 152 162 171 183 184 200 203 209 212 214 222 227 240
4 65 5 6 7 8 10 11 12 13 15 16 18 20 22 24 25 26 27 28 30 31 33 34 35 36 37 38 39 40 41 43 50 51 52 53 55 57 58 60 62 63 64 130 131 67 68 69 70 71 72 73 74 75 77 78 79 83 85 86 87 88 90 92 93 95 96 97 98 99 100 101 102 103 104 105 106 107 108 109 110 111 112 113 114 115 122 123 125 126 128 129 132 135 136 140 141 142 143 145 146 147 149 150 151 152 153 155 157 159 160 161 162 163 164 166 168 169 170 171 172 173 176 178 179 180 181 182 183 184 185 186 187 188 191 192 193 194 195 197 198 199 200 201 203 204 205 206 208 209 212 213 214 216 217 218 221 222 223 225 226 227 230 234 235 237 238 240 241 245 246 248 249 250
5 47 7 10 13 15 16 18 27 28 30 31 33 34 35 36 40 41 50 51 53 62 63 64 130 131 68 70 75 78 79 86 87 92 96 97 99 100 101 103 105 111 112 113 114 122 123 126 128 129 132 140 141 142 143 145 146 147 149 152 153 155 157 162 163 164 169 170 171 173 178 179 183 184 187 188 193 197 198 200 203 205 209 212 214 221 222 223 227 230 240 245 249 250
6 68 7 10 13 15 18 27 28 33 34 36 40 41 50 51 62 63 64 130 131 68 70 78 79 86 87 97 99 103 111 112 113 114 123 128 132 140 142 143 145 146 147 149 152 153 155 157 162 164 169 170 171 178 179 183 184 187 197 198 200 203 209 212 214 221 222 223 227 240 249
7 20 8 10 11 12 13 15 16 17 18 20 22 24 25 26 27 28 30 31 33 66 34 35 36 37 38 39 40 41 42 43 44 50 51 52 53 55 57 58 60 62 63 64 130 131 67 68 69 70 71 72 73 74 75 76 77 78 79 83 85 86 87 88 90 92 93 94 95 96 97 98 99 100 101 102 103 104 105 106 107 108 109 110 111 112 113 114 115 116 122 123 125 126 127 128 129 132 134 135 136 138 139 140 141 142 143 145 146 147 148 149 150 151 152 153 155 157 158 159 160 161 162 163 164 166 168 169 170 171 172 173 176 178 179 180 181 182 183 184 185 186 187 188 191 192 193 194 195 197 198 199 200 201 203 204 205 206 208 209 212 213 214 216 217 218 219 221 222 223 225 226 227 230 234 235 237 238 240 241 245 246 248 249 250
8 45 10 12 13 15 16 18 27 28 30 31 33 34 35 36 39 40 41 50 51 53 55 57 62 63 64 130 131 68 70 72 75 77 78 79 83 86 87 88 92 96 97 99 100 101 103 104 105 106 110 111 112 113 114 122 123 126 128 129 132 140 141 142 143 145 146 147 149 152 153 155 157 160 162 163 164 166 168 169 170 171 173 178 179 181 182 183 184 187 188 192 193 197 198 200 203 205 209 212 214 217 221 222 223 226 227 230 235 238 240 241 245 249 250
9 69
10 78 11 12 13 15 16 17 18 20 22 24 25 26 27 28 30 31 33 66 34 35 36 37 38 39 40 41 42 43 44 50 51 52 53 55 57 58 60 62 63 64 130 131 67 68 69 70 71 72 73 74 75 76 77 78 79 83 85 86 87 88 90 92 93 94 95 96 97 98 99 100 101 102 103 104 105 106 107 108 109 110 111 112 113 114 115 116 122 123 125 126 127 128 129 132 134 135 136 137 138 139 140 141 142 143 145 146 147 148 149 150 151 152 153 155 157 158 159 160 161 162 163 164 166 168 169 170 171 172 173 176 178 179 180 181 182 183 184 185 186 187 188 191 192 193 194 195 197 198 199 200 201 202 203 204 205 206 208 209 212 213 214 215 216 217 218 219 221 222 223 225 226 227 230 234 235 236 237 238 240 241 245 246 247 248 249 250
11 44 15 18 27 28 33 34 40 50 51 62 63 130 131 70 78 79 86 99 103 111 113 114 123 128 132 140 142 143 145 149 152 153 155 157 162 164 169 171 179 183 184 187 197 198 200 203 209 212 214 221 222 223 227 240 249
12 96 13 15 16 18 27 28 30 31 33 34 35 36 39 40 41 50 51 53 55 57 62 63 64 130 131 68 70 72 75 77 78 79 83 86 87 88 92 96 97 99 100 101 103 105 106 111 112 113 114 122 123 126 128 129 132 140 141 142 143 145 146 147 149 152 153 155 157 160 162 163 164 169 170 171 173 178 179 182 183 184 187 188 192 193 197 198 200 203 205 209 212 214 217 221 222 223 227 230 235 238 240 241 245 249 250
13 50 15 16 18 24 25 26 27 28 30 31 33 34 35 36 37 38 39 40 41 50 51 52 53 55 57 58 62 63 64 130 131 68 69 70 71 72 73 74 75 77 78 79 83 86 87 88 90 92 96 97 98 99 100 101 102 103 104 105 106 107 109 110 111 112 113 114 122 123 125 126 128 129 132 140 141 142 143 145 146 147 149 150 152 153 155 157 160 161 162 163 164 166 168 169 170 171 173 178 179 180 181 182 183 184 185 186 187 188 191 192 193 194 197 198 200 201 203 205 206 209 212 214 217 221 222 223 226 227 230 234 235 238 240 241 245 249 250
14 27
15 58 16 18 22 24 25 26 27 28 30 31 33 34 35 36 37 38 39 40 41 43 50 51 52 53 55 57 58 60 62 63 64 130 131 67 68 69 70 71 72 73 74 75 77 78 79 83 85 86 87 88 90 92 93 96 97 98 99 100 101 102 103 104 105 106 107 108 109 110 111 112 113 114 122 123 125 126 128 129 132 135 136 140 141 142 143 145 146 147 149 150 151 152 153 155 157 159 160 161 162 163 164 166 168 169 170 171 172 173 176 178 179 180 181 182 183 184 185 186 187 188 191 192 193 194 195 197 198 199 200 201 203 204 205 206 209 212 213 214 216 217 218 221 222 223 225 226 227 230 234 235 237 238 240 241 245 246 248 249 250
16 55 18 27 28 30 31 33 34 35 36 37 39 40 41 50 51 52 53 55 57 62 63 64 130 131 68 70 71 72 75 77 78 79 83 86 87 88 92 96 97 98 99 100 101 103 104 105 106 109 110 111 112 113 114 122 123 125 126 128 129 132 140 141 142 143 145 146 147 149 152 153 155 157 160 162 163 164 166 168 169 170 171 173 178 179 180 181 182 183 184 186 187 188 192 193 197 198 200 201 203 205 209 212 214 217 221 222 223 226 227 230 235 238 240 241 245 249 250
17 81 18 27 28 34 50 51 131 78 99 128 162 184 200 209 212 222 227
18 87 20 22 24 25 26 27 28 30 31 33 66 34 35 36 37 38 39 40 41 42 43 44 50 51 52 53 55 57 58 60 62 63 64 130 131 67 68 69 70 71 72 73 74 75 76 77 78 79 83 85 86 87 88 90 92 93 94 95 96 97 98 99 100 101 102 103 104 105 106 107 108 109 110 111 112 113 114 115 116 122 123 125 126 127 128 129 132 134 135 136 138 139 140 141 142 143 145 146 147 148 149 150 151 152 153 155 157 158 159 160 161 162 163 164 166 168 169 170 171 172 173 176 178 179 180 181 182 183 184 185 186 187 188 191 192 193 194 195 197 198 199 200 201 203 204 205 206 208 209 212 213 214 216 217 218 219 221 222 223 225 226 227 230 234 235 237 238 240 241 245 246 248 249 250
19 76
20 38 27 28 34 40 50 51 131 78 79 99 128 145 152 162 171 183 184 200 203 209 212 222 227 240
21 79
22 71 27 28 34 40 50 51 62 131 78 79 99 128 142 145 152 157 162 169 171 183 184 197 200 203 209 212 214 222 227 240
23 60
24 76 27 28 33 34 36 40 41 50 51 62 63 64 130 131 68 70 78 79 86 87 97 99 103 111 112 113 114 123 128 132 140 142 143 145 146 147 149 152 153 155 157 162 164 169 170 171 178 179 183 184 187 197 198 200 203 209 212 214 221 222 223 227 240 249
25 91 27 28 33 34 36 40 41 50 51 62 63 64 130 131 68 70 78 79 86 97 99 103 111 113 114 123 128 132 140 142 143 145 146 147 149 152 153 155 157 162 164 169 171 178 179 183 184 187 197 198 200 203 209 212 214 221 222 223 227 240 249
26 69 27 28 33 34 36 40 41 50 51 62 63 64 130 131 68 70 78 79 86 87 97 99 103 111 112 113 114 123 128 132 140 142 143 145 146 147 149 152 153 155 157 162 164 169 170 171 178 179 183 184 187 197 198 200 203 209 212 214 221 222 223 227 240 249
27 77 28 30 31 33 66 34 35 36 37 38 39 40 41 42 43 44 50 51 52 53 55 57 58 60 62 63 64 130 131 67 68 69 70 71 72 73 74 75 76 77 78 79 83 85 86 87 88 90 92 93 94 95 96 97 98 99 100 101 102 103 104 105 106 107 108 109 110 111 112 113 114 115 116 122 123 125 126 127 128 129 132 134 135 136 139 140 141 142 143 145 146 147 148 149 150 151 152 153 155 157 159 160 161 162 163 164 166 168 169 170 171 172 173 176 178 179 180 181 182 183 184 185 186 187 188 191 192 193 194 195 197 198 199 200 201 203 204 205 206 208 209 212 213 214 216 217 218 221 222 223 225 226 227 230 234 235 237 238 240 241 245 246 248 249 250
28 57 30 31 33 66 34 35 36 37 38 39 40 41 42 43 44 50 51 52 53 55 57 58 60 62 63 64 130 131 67 68 69 70 71 72 73 74 75 76 77 78 79 83 85 86 87 88 90 92 93 94 95 96 97 98 99 100 101 102 103 104 105 106 107 108 109 110 111 112 113 114 115 116 122 123 125 126 127 128 129 132 134 135 136 137 138 139 140 141 142 143 145 146 147 148 149 150 151 152 153 155 157 158 159 160 161 162 163 164 166 168 169 170 171 172 173 176 178 179 180 181 182 183 184 185 186 187 188 191 192 193 194 195 197 198 199 200 201 202 203 204 205 206 208 209 212 213 214 215 216 217 218 219 221 222 223 225 226 227 230 234 235 236 237 238 240 241 245 246 247 248 249 250
29 33
30 22 31 33 34 35 36 37 39 40 41 50 51 52 53 55 57 58 62 63 64 130 131 68 69 70 71 72 74 75 77 78 79 83 86 87 88 92 96 97 98 99 100 101 103 104 105 106 109 110 111 112 113 114 122 123 125 126 128 129 132 140 141 142 143 145 146 147 149 152 153 155 157 160 162 163 164 166 168 169 170 171 173 178 179 180 181 182 183 184 185 186 187 188 192 193 197 198 200 201 203 205 209 212 214 217 221 222 223 226 227 230 235 238 240 241 245 249 250
31 76 33 34 35 36 37 39 40 41 50 51 52 53 55 57 58 62 63 64 130 131 68 69 70 71 72 74 75 77 78 79 83 86 87 88 90 92 96 97 98 99 100 101 103 104 105 106 109 110 111 112 113 114 122 123 125 126 128 129 132 140 141 142 143 145 146 147 149 152 153 155 157 160 162 163 164 166 168 169 170 171 173 178 179 180 181 182 183 184 185 186 187 188 192 193 197 198 200 201 203 205 209 212 214 217 221 222 223 226 227 230 234 235 238 240 241 245 249 250
32 51
33 66 34 35 36 37 38 39 40 41 43 50 51 52 53 55 57 58 62 63 64 130 131 67 68 69 70 71 72 73 74 75 77 78 79 83 85 86 87 88 90 92 96 97 98 99 100 101 102 103 104 105 106 107 109 110 111 112 113 114 122 123 125 126 128 129 132 140 141 142 143 145 146 147 149 150 152 153 155 157 160 161 162 163 164 166 168 169 170 171 172 173 178 179 180 181 182 183 184 185 186 187 188 191 192 193 194 197 198 199 200 201 203 205 206 209 212 213 214 216 217 221 222 223 226 227 230 234 235 237 238 240 241 245 246 249 250
34 90 66 35 36 37 38 39 40 41 42 43 44 50 51 52 53 55 57 58 60 62 63 64 130 131 67 68 69 70 71 72 73 74 75 76 77 78 79 83 85 86 87 88 90 92 93 94 95 96 97 98 99 100 101 102 103 104 105 106 107 108 109 110 111 112 113 114 115 116 122 123 125 126 127 128 129 132 134 135 136 137 138 139 140 141 142 143 145 146 147 148 149 150 151 152 153 155 157 158 159 160 161 162 163 164 166 168 169 170 171 172 173 176 178 179 180 181 182 183 184 185 186 187 188 191 192 193 194 195 197 198 199 200 201 202 203 204 205 206 208 209 212 213 214 215 216 217 218 219 221 222 223 225 226 227 230 234 235 236 237 238 240 241 245 246 247 248 249 250
35 34 36 37 39 40 41 50 51 52 53 55 57 58 62 63 64 130 131 68 69 70 71 72 74 75 77 78 79 83 86 87 88 92 96 97 98 99 100 101 103 104 105 106 109 110 111 112 113 114 122 123 125 126 128 129 132 140 141 142 143 145 146 147 149 152 153 155 157 160 162 163 164 166 168 169 170 171 173 178 179 180 181 182 183 184 185 186 187 188 192 193 197 198 200 201 203 205 209 212 214 217 221 222 223 226 227 230 235 238 240 241 245 249 250
36 46 37 38 39 40 41 50 51 52 53 55 57 58 62 63 64 130 131 68 69 70 71 72 73 74 75 77 78 79 83 85 86 87 88 90 92 96 97 98 99 100 101 102 103 104 105 106 107 109 110 111 112 113 114 122 123 125 126 128 129 132 140 141 142 143 145 146 147 149 150 152 153 155 157 160 161 162 163 164 166 168 169 170 171 172 173 178 179 180 181 182 183 184 185 186 187 188 191 192 193 194 197 198 200 201 203 205 206 209 212 214 217 221 222 223 226 227 230 234 235 238 240 241 245 249 250
37 74 39 40 41 50 51 53 57 62 63 64 130 131 68 70 72 75 77 78 79 86 87 88 92 96 97 99 100 101 103 105 111 112 113 114 122 123 126 128 129 132 140 141 142 143 145 146 147 149 152 153 155 157 162 163 164 169 170 171 173 178 179 182 183 184 187 188 193 197 198 200 203 205 209 212 214 221 222 223 227 230 238 240 245 249 250
38 62 40 41 50 51 62 63 64 130 131 68 70 78 79 86 97 99 103 111 113 114 123 128 132 140 142 143 145 146 147 149 152 153 155 157 162 164 169 171 178 179 183 184 187 197 198 200 203 209 212 214 221 222 223 227 240 249
39 93 40 41 50 51 52 53 55 57 62 63 64 130 131 68 70 72 75 77 78 79 83 86 87 88 92 96 97 99 100 101 103 104 105 106 110 111 112 113 114 122 123 125 126 128 129 132 140 141 142 143 145 146 147 149 152 153 155 157 160 162 163 164 166 168 169 170 171 173 178 179 181 182 183 184 186 187 188 192 193 197 198 200 201 203 205 209 212 214 217 221 222 223 226 227 230 235 238 240 241 245 249 250
40 74 41 43 50 51 52 53 55 57 58 60 62 63 64 130 131 67 68 69 70 71 72 73 74 75 77 78 79 83 85 86 87 88 90 92 93 95 96 97 98 99 100 101 102 103 104 105 106 107 108 109 110 111 112 113 114 115 122 123 125 126 128 129 132 135 136 140 141 142 143 145 146 147 149 150 151 152 153 155 157 159 160 161 162 163 164 166 168 169 170 171 172 173 176 178 179 180 181 182 183 184 185 186 187 188 191 192 193 194 195 197 198 199 200 201 203 204 205 206 208 209 212 213 214 216 217 218 221 222 223 225 226 227 230 234 235 237 238 240 241 245 246 248 249 250
41 29 50 51 52 53 55 57 58 62 63 64 130 131 68 69 70 71 72 73 74 75 77 78 79 83 86 87 88 90 92 96 97 98 99 100 101 102 103 104 105 106 107 109 110 111 112 113 114 122 123 125 126 128 129 132 140 141 142 143 145 146 147 149 150 152 153 155 157 160 161 162 163 164 166 168 169 170 171 173 178 179 180 181 182 183 184 185 186 187 188 191 192 193 194 197 198 200 201 203 205 206 209 212 214 217 221 222 223 226 227 230 234 235 238 240 241 245 249 250
42 22 50 51 131 78 99 128 162 184 200 209 212 222 227
43 73 50 51 62 63 130 131 70 78 79 86 99 103 111 113 114 123 128 132 140 142 143 145 149 152 153 155 157 162 164 169 171 179 183 184 187 197 198 200 203 209 212 214 221 222 223 227 240 249
44 26 50 51 131 78 79 99 128 152 162 184 200 203 209 212 222 227
45 72
46 41
47 91
48 88
49 95
50 35 66 51 52 53 55 57 58 60 62 63 64 130 131 67 68 69 70 71 72 73 74 75 76 77 78 79 83 85 86 87 88 90 92 93 94 95 96 97 98 99 100 101 102 103 104 105 106 107 108 109 110 111 112 113 114 115 116 122 123 125 126 127 128 129 132 134 135 136 137 138 139 140 141 142 143 145 146 147 148 149 150 151 152 153 155 157 158 159 160 161 162 163 164 166 168 169 170 171 172 173 176 178 179 180 181 182 183 184 185 186 187 188 191 192 193 194 195 197 198 199 200 201 202 203 204 205 206 208 209 212 213 214 215 216 217 218 219 221 222 223 225 226 227 230 234 235 236 237 238 240 241 245 246 247 248 249 250
51 84 66 52 53 55 57 58 60 62 63 64 130 131 67 68 69 70 71 72 73 74 75 77 78 79 83 85 86 87 88 90 92 93 94 95 96 97 98 99 100 101 102 103 104 105 106 107 108 109 110 111 112 113 114 115 116 122 123 125 126 128 129 132 134 135 136 140 141 142 143 145 146 147 149 150 151 152 153 155 157 159 160 161 162 163 164 166 168 169 170 171 172 173 176 178 179 180 181 182 183 184 185 186 187 188 191 192 193 194 195 197 198 199 200 201 203 204 205 206 208 209 212 213 214 216 217 218 221 222 223 225 226 227 230 234 235 237 238 240 241 245 246 248 249 250
52 32 53 55 57 62 63 64 130 131 68 70 72 75 77 78 79 83 86 87 88 92 96 97 99 100 101 103 105 111 112 113 114 122 123 126 128 129 132 140 141 142 143 145 146 147 149 152 153 155 157 162 163 164 169 170 171 173 178 179 182 183 184 187 188 192 193 197 198 200 203 205 209 212 214 217 221 222 223 227 230 238 240 245 249 250
53 59 55 57 58 62 63 64 130 131 68 69 70 71 72 74 75 77 78 79 83 86 87 88 90 92 96 97 98 99 100 101 103 104 105 106 109 110 111 112 113 114 122 123 125 126 128 129 132 140 141 142 143 145 146 147 149 152 153 155 157 160 161 162 163 164 166 168 169 170 171 173 178 179 180 181 182 183 184 185 186 187 188 192 193 197 198 200 201 203 205 209 212 214 217 221 222 223 226 227 230 234 235 238 240 241 245 249 250
54 56
55 84 57 62 63 64 130 131 68 70 72 75 77 78 79 83 86 87 88 92 96 97 99 100 101 103 104 105 106 110 111 112 113 114 122 123 125 126 128 129 132 140 141 142 143 145 146 147 149 152 153 155 157 160 162 163 164 166 168 169 170 171 173 178 179 181 182 183 184 187 188 192 193 197 198 200 203 205 209 212 214 217 221 222 223 226 227 230 235 238 240 241 245 249 250
56 71
57 78 62 63 64 130 131 68 70 72 75 77 78 79 83 86 87 88 92 96 97 99 100 101 103 104 105 106 110 111 112 113 114 122 123 125 126 128 129 132 140 141 142 143 145 146 147 149 152 153 155 157 160 162 163 164 166 168 169 170 171 173 178 179 181 182 183 184 186 187 188 192 193 197 198 200 203 205 209 212 214 217 221 222 223 226 227 230 235 238 240 241 245 249 250
58 82 62 63 64 130 131 68 70 75 78 79 86 87 92 96 97 99 103 111 112 113 114 123 128 129 132 140 142 143 145 146 147 149 152 153 155 157 162 164 169 170 171 178 179 183 184 187 193 197 198 200 203 209 212 214 221 222 223 227 240 249
59 78
60 52 62 63 131 78 79 86 99 103 111 128 142 145 152 157 162 164 169 171 179 183 184 197 200 203 209 212 214 221 222 227 240
61 71
62 26 63 64 130 131 67 68 69 70 71 72 73 74 75 77 78 79 83 85 86 87 88 90 92 93 96 97 98 99 100 101 102 103 104 105 106 107 108 109 110 111 112 113 114 122 123 125 126 128 129 132 135 136 140 141 142 143 145 146 147 149 150 151 152 153 155 157 159 160 161 162 163 164 166 168 169 170 171 172 173 176 178 179 180 181 182 183 184 185 186 187 188 191 192 193 194 195 197 198 199 200 201 203 204 205 206 209 212 213 214 216 217 218 221 222 223 225 226 227 230 234 235 237 238 240 241 245 246 248 249 250
63 66 64 130 131 67 68 69 70 71 72 73 74 75 77 78 79 83 85 86 87 88 90 92 93 96 97 98 99 100 101 102 103 104 105 106 107 108 109 110 111 112 113 114 122 123 125 126 128 129 132 135 140 141 142 143 145 146 147 149 150 151 152 153 155 157 160 161 162 163 164 166 168 169 170 171 172 173 176 178 179 180 181 182 183 184 185 186 187 188 191 192 193 194 195 197 198 199 200 201 203 205 206 209 212 213 214 216 217 218 221 222 223 225 226 227 230 234 235 237 238 240 241 245 246 248 249 250
64 84 130 131 68 69 70 71 72 73 74 75 77 78 79 83 86 87 88 90 92 96 97 98 99 100 101 102 103 104 105 106 107 109 110 111 112 113 114 122 123 125 126 128 129 132 140 141 142 143 145 146 147 149 150 152 153 155 157 160 161 162 163 164 166 168 169 170 171 172 173 178 179 180 181 182 183 184 185 186 187 188 191 192 193 194 197 198 200 201 203 205 206 209 212 214 217 221 222 223 226 227 230 234 235 238 240 241 245 249 250
65 76
66 95 131 78 79 99 128 162 184 200 209 212 222 227
67 80 130 131 70 78 79 86 99 103 111 113 114 123 128 132 140 142 143 145 149 152 153 155 157 162 164 169 171 179 183 184 187 197 198 200 203 209 212 214 221 222 227 240 249
68 50 130 131 69 70 71 72 73 74 75 77 78 79 83 86 87 88 90 92 96 97 98 99 100 101 102 103 104 105 106 107 109 110 111 112 113 114 122 123 125 126 128 129 132 140 141 142 143 145 146 147 149 150 152 153 155 157 160 161 162 163 164 166 168 169 170 171 173 178 179 180 181 182 183 184 185 186 187 188 191 192 193 194 197 198 200 201 203 205 206 209 212 214 217 221 222 223 226 227 230 234 235 238 240 241 245 249 250
69 53 130 131 70 75 78 79 86 87 92 96 97 99 101 103 111 112 113 114 123 126 128 129 132 140 142 143 145 146 147 149 152 153 155 157 162 163 164 169 170 171 173 178 179 183 184 187 193 197 198 200 203 205 209 212 214 221 222 223 227 240 245 249
70 30 130 131 71 72 73 74 75 77 78 79 83 85 86 87 88 90 92 96 97 98 99 100 101 102 103 104 105 106 107 109 110 111 112 113 114 122 123 125 126 128 129 132 140 141 142 143 145 146 147 149 150 152 153 155 157 160 161 162 163 164 166 168 169 170 171 172 173 178 179 180 181 182 183 184 185 186 187 188 191 192 193 194 197 198 199 200 201 203 205 206 209 212 213 214 216 217 221 222 223 226 227 230 234 235 237 238 240 241 245 246 249 250
71 82 130 131 75 78 79 86 87 92 96 97 99 100 101 103 105 111 112 113 114 122 123 126 128 129 132 140 141 142 143 145 146 147 149 152 153 155 157 162 163 164 169 170 171 173 178 179 183 184 187 188 193 197 198 200 203 205 209 212 214 221 222 223 227 230 240 245 249 250
72 38 130 131 75 77 78 79 83 86 87 88 92 96 97 99 100 101 103 104 105 106 110 111 112 113 114 122 123 125 126 128 129 132 140 141 142 143 145 146 147 149 152 153 155 157 160 162 163 164 166 168 169 170 171 173 178 179 181 182 183 184 187 188 192 193 197 198 200 203 205 209 212 214 217 221 222 223 226 227 230 235 238 240 241 245 249 250
73 45 130 131 78 79 86 87 97 99 103 111 112 113 114 123 128 132 140 142 143 145 146 147 149 152 153 155 157 162 164 169 171 178 179 183 184 187 197 198 200 203 209 212 214 221 222 223 227 240 249
74 99 130 131 75 78 79 86 87 92 96 97 99 101 103 111 112 113 114 123 126 128 129 132 140 142 143 145 146 147 149 152 153 155 157 162 163 164 169 170 171 173 178 179 183 184 187 193 197 198 200 203 205 209 212 214 221 222 223 227 240 245 249
75 51 130 131 77 78 79 83 86 87 88 90 92 96 97 98 99 100 101 103 104 105 106 109 110 111 112 113 114 122 123 125 126 128 129 132 140 141 142 143 145 146 147 149 152 153 155 157 160 162 163 164 166 168 169 170 171 173 178 179 180 181 182 183 184 185 186 187 188 192 193 197 198 200 201 203 205 209 212 214 217 221 222 223 226 227 230 234 235 238 240 241 245 249 250
76 98 131 78 99 128 162 184 200 209 212 222 227
77 100 130 131 78 79 83 86 87 88 92 96 97 99 100 101 103 104 105 106 110 111 112 113 114 122 123 125 126 128 129 132 140 141 142 143 145 146 147 149 152 153 155 157 160 162 163 164 166 168 169 170 171 173 178 179 181 182 183 184 186 187 188 192 193 197 198 200 203 205 209 212 214 217 221 222 223 226 227 230 235 238 240 241 245 249 250
78 88 130 131 79 83 85 86 87 88 90 92 93 94 95 96 97 98 99 100 101 102 103 104 105 106 107 108 109 110 111 112 113 114 115 116 122 123 125 126 127 128 129 132 134 135 136 138 139 140 141 142 143 145 146 147 148 149 150 151 152 153 155 157 159 160 161 162 163 164 166 168 169 170 171 172 173 176 178 179 180 181 182 183 184 185 186 187 188 191 192 193 194 195 197 198 199 200 201 203 204 205 206 208 209 212 213 214 216 217 218 219 221 222 223 225 226 227 230 234 235 237 238 240 241 245 246 248 249 250
79 81 130 131 83 85 86 87 88 90 92 93 94 95 96 97 98 99 100 101 102 103 104 105 106 107 108 109 110 111 112 113 114 115 122 123 125 126 128 129 132 134 135 136 140 141 142 143 145 146 147 149 150 151 152 153 155 157 159 160 161 162 163 164 166 168 169 170 171 172 173 176 178 179 180 181 182 183 184 185 186 187 188 191 192 193 194 195 197 198 199 200 201 203 204 205 206 208 209 212 213 214 216 217 218 221 222 223 225 226 227 230 234 235 237 238 240 241 245 246 248 249 250
80 77
81 99
82 97
83 31 130 131 86 87 88 92 96 97 99 100 101 103 104 105 106 110 111 112 113 114 122 123 125 126 128 129 132 140 141 142 143 145 146 147 149 152 153 155 157 160 162 163 164 166 168 169 170 171 173 178 179 181 182 183 184 187 188 192 193 197 198 200 203 205 209 212 214 217 221 222 223 226 227 230 235 238 240 241 245 249 250
84 54
85 47 130 131 86 97 99 103 111 113 114 123 128 132 140 142 143 145 149 152 153 155 157 162 164 169 171 179 183 184 187 197 198 200 203 209 212 214 221 222 223 227 240 249
86 45 130 131 87 88 90 92 93 96 97 98 99 100 101 102 103 104 105 106 107 108 109 110 111 112 113 114 122 123 125 126 128 129 132 135 136 140 141 142 143 145 146 147 149 150 151 152 153 155 157 159 160 161 162 163 164 166 168 169 170 171 172 173 176 178 179 180 181 182 183 184 185 186 187 188 191 192 193 194 195 197 198 199 200 201 203 205 206 209 212 213 214 216 217 218 221 222 223 225 226 227 230 234 235 237 238 240 241 245 246 248 249 250
87 36 130 131 88 90 92 96 97 98 99 100 101 102 103 104 105 106 109 110 111 112 113 114 122 123 125 126 128 129 132 140 141 142 143 145 146 147 149 150 152 153 155 157 160 161 162 163 164 166 168 169 170 171 173 178 179 180 181 182 183 184 185 186 187 188 191 192 193 194 197 198 200 201 203 205 206 209 212 214 217 221 222 223 226 227 230 234 235 238 240 241 245 249 250
88 96 130 131 92 96 97 99 100 101 103 104 105 106 110 111 112 113 114 122 123 125 126 128 129 132 140 141 142 143 145 146 147 149 152 153 155 157 160 162 163 164 166 168 169 170 171 173 178 179 181 182 183 184 186 187 188 192 193 197 198 200 201 203 205 209 212 214 217 221 222 223 226 227 230 235 238 240 241 245 249 250
89 96
90 74 130 131 97 99 103 111 112 113 114 123 128 132 140 142 143 145 146 147 149 152 153 155 157 162 164 169 170 171 178 179 183 184 187 197 198 200 203 209 212 214 221 222 223 227 240 249
91 77
92 98 130 131 96 97 98 99 100 101 103 104 105 106 109 110 111 112 113 114 122 123 125 126 128 129 132 140 141 142 143 145 146 147 149 152 153 155 157 160 162 163 164 166 168 169 170 171 173 178 179 180 181 182 183 184 185 186 187 188 192 193 197 198 200 201 203 205 209 212 214 217 221 222 223 226 227 230 235 238 240 241 245 249 250
93 69 131 99 103 111 128 142 145 152 157 162 164 169 171 179 183 184 197 200 203 209 212 214 221 222 227 240
94 22 131 99 128 162 184 200 209 212 222 227
95 40 131 99 128 145 152 162 171 183 184 200 203 209 212 222 227 240
96 39 130 131 97 98 99 100 101 103 104 105 106 109 110 111 112 113 114 122 123 125 126 128 129 132 140 141 142 143 145 146 147 149 152 153 155 157 160 162 163 164 166 168 169 170 171 173 178 179 180 181 182 183 184 185 186 187 188 192 193 197 198 200 201 203 205 209 212 214 217 221 222 223 226 227 230 235 238 240 241 245 249 250
97 81 130 131 98 99 100 101 102 103 104 105 106 107 109 110 111 112 113 114 122 123 125 126 128 129 132 140 141 142 143 145 146 147 149 150 152 153 155 157 160 161 162 163 164 166 168 169 170 171 172 173 178 179 180 181 182 183 184 185 186 187 188 191 192 193 194 197 198 200 201 203 205 206 209 212 214 217 221 222 223 226 227 230 234 235 238 240 241 245 249 250
98 90 130 131 99 100 101 103 105 111 112 113 114 122 123 126 128 129 132 140 141 142 143 145 146 147 149 152 153 155 157 162 163 164 169 170 171 173 178 179 183 184 187 188 193 197 198 200 203 205 209 212 214 221 222 223 227 230 240 245 249 250
99 73 130 131 100 101 102 103 104 105 106 107 108 109 110 111 112 113 114 115 116 122 123 125 126 127 128 129 132 134 135 136 137 138 139 140 141 142 143 145 146 147 148 149 150 151 152 153 155 157 158 159 160 161 162 163 164 166 168 169 170 171 172 173 176 178 179 180 181 182 183 184 185 186 187 188 191 192 193 194 195 197 198 199 200 201 202 203 204 205 206 208 209 212 213 214 215 216 217 218 219 221 222 223 225 226 227 230 234 235 236 237 238 240 241 245 246 247 248 249 250
100 84 130 131 101 103 104 105 106 109 110 111 112 113 114 122 123 125 126 128 129 132 140 141 142 143 145 146 147 149 152 153 155 157 160 162 163 164 166 168 169 170 171 173 178 179 180 181 182 183 184 186 187 188 192 193 197 198 200 201 203 205 209 212 214 217 221 222 223 226 227 230 235 238 240 241 245 249 250
101 53 130 131 103 104 105 106 109 110 111 112 113 114 122 123 125 126 128 129 132 140 141 142 143 145 146 147 149 152 153 155 157 160 162 163 164 166 168 169 170 171 173 178 179 180 181 182 183 184 185 186 187 188 192 193 197 198 200 201 203 205 209 212 214 217 221 222 223 226 227 230 235 238 240 241 245 249 250
102 73 130 131 103 111 112 113 114 123 128 132 140 142 143 145 146 147 149 152 153 155 157 162 164 169 171 178 179 183 184 187 197 198 200 203 209 212 214 221 222 223 227 240 249
103 81 130 131 104 105 106 107 108 109 110 111 112 113 114 122 123 125 126 128 129 132 135 140 141 142 143 145 146 147 149 150 151 152 153 155 157 160 161 162 163 164 166 168 169 170 171 172 173 176 178 179 180 181 182 183 184 185 186 187 188 191 192 193 194 195 197 198 199 200 201 203 205 206 209 212 213 214 216 217 221 222 223 225 226 227 230 234 235 237 238 240 241 245 246 248 249 250
104 51 130 131 105 111 112 113 114 122 123 126 128 129 132 140 141 142 143 145 146 147 149 152 153 155 157 160 162 163 164 169 170 171 173 178 179 182 183 184 187 188 192 193 197 198 200 203 205 209 212 214 217 221 222 223 227 230 238 240 245 249 250
105 38 130 131 106 110 111 112 113 114 122 123 125 126 128 129 132 140 141 142 143 145 146 147 149 152 153 155 157 160 162 163 164 166 168 169 170 171 173 178 179 181 182 183 184 186 187 188 192 193 197 198 200 201 203 205 209 212 214 217 221 222 223 226 227 230 235 238 240 241 245 249 250
106 43 130 131 110 111 112 113 114 122 123 126 128 129 132 140 141 142 143 145 146 147 149 152 153 155 157 160 162 163 164 166 168 169 170 171 173 178 179 181 182 183 184 187 188 192 193 197 198 200 203 205 209 212 214 217 221 222 223 227 230 235 238 240 241 245 249 250
107 64 130 131 111 113 114 123 128 132 140 142 143 145 146 147 149 152 153 155 157 162 164 169 171 178 179 183 184 187 197 198 200 203 209 212 214 221 222 223 227 240 249
108 28 131 111 128 142 145 152 155 157 162 164 169 171 179 183 184 197 200 203 209 212 214 221 222 227 240
109 83 130 131 111 112 113 114 123 126 128 129 132 140 141 142 143 145 146 147 149 152 153 155 157 162 163 164 169 170 171 173 178 179 183 184 187 188 193 197 198 200 203 205 209 212 214 221 222 223 227 240 245 249 250
110 28 130 131 111 112 113 114 122 123 126 128 129 132 140 141 142 143 145 146 147 149 152 153 155 157 160 162 163 164 169 170 171 173 178 179 182 183 184 187 188 192 193 197 198 200 203 205 209 212 214 217 221 222 223 227 230 235 238 240 245 249 250
111 66 130 131 112 113 114 122 123 125 126 128 129 132 135 140 141 142 143 145 146 147 149 150 151 152 153 155 157 160 161 162 163 164 166 168 169 170 171 172 173 176 178 179 180 181 182 183 184 185 186 187 188 191 192 193 194 195 197 198 199 200 201 203 205 206 209 212 213 214 216 217 221 222 223 225 226 227 230 234 235 237 238 240 241 245 246 248 249 250
112 22 130 131 113 114 122 123 125 126 128 129 132 140 141 142 143 145 146 147 149 150 152 153 155 157 160 161 162 163 164 166 168 169 170 171 173 178 179 180 181 182 183 184 185 186 187 188 191 192 193 194 197 198 200 201 203 205 206 209 212 214 217 221 222 223 226 227 230 234 235 238 240 241 245 249 250
113 56 130 131 114 122 123 125 126 128 129 132 140 141 142 143 145 146 147 149 150 152 153 155 157 160 161 162 163 164 166 168 169 170 171 172 173 178 179 180 181 182 183 184 185 186 187 188 191 192 193 194 197 198 199 200 201 203 205 206 209 212 213 214 216 217 221 222 223 226 227 230 234 235 237 238 240 241 245 246 249 250
114 61 130 131 122 123 125 126 128 129 132 140 141 142 143 145 146 147 149 150 152 153 155 157 160 161 162 163 164 166 168 169 170 171 172 173 178 179 180 181 182 183 184 185 186 187 188 191 192 193 194 197 198 199 200 201 203 205 206 209 212 213 214 216 217 221 222 223 226 227 230 234 235 237 238 240 241 245 246 249 250
115 72 131 128 145 152 162 171 183 184 200 203 209 212 222 227 240
116 69 131 128 162 184 200 209 212 222 227
117 55
118 20
119 50
120 52
121 95
122 89 130 131 123 125 126 128 129 132 140 141 142 143 145 146 147 149 152 153 155 157 160 162 163 164 166 168 169 170 171 173 178 179 181 182 183 184 186 187 188 192 193 197 198 200 201 203 205 209 212 214 217 221 222 223 226 227 230 235 238 240 241 245 249 250
123 32 130 131 125 126 128 129 132 140 141 142 143 145 146 147 149 150 152 153 155 157 160 161 162 163 164 166 168 169 170 171 172 173 178 179 180 181 182 183 184 185 186 187 188 191 192 193 194 197 198 199 200 201 203 205 206 209 212 213 214 216 217 221 222 223 226 227 230 234 235 237 238 240 241 245 246 249 250
124 60
125 29 130 131 126 128 129 132 140 141 142 143 145 146 147 149 152 153 155 157 162 163 164 169 170 171 173 178 179 182 183 184 187 188 192 193 197 198 200 203 205 209 212 214 217 221 222 223 227 230 238 240 245 249 250
126 90 130 131 128 129 132 140 141 142 143 145 146 147 149 152 153 155 157 160 162 163 164 166 168 169 170 171 173 178 179 180 181 182 183 184 186 187 188 192 193 197 198 200 201 203 205 209 212 214 217 221 222 223 226 227 230 235 238 240 241 245 249 250
127 20 131 128 162 184 200 209 212 222 227
128 90 130 131 129 132 134 135 136 137 138 139 140 141 142 143 145 146 147 148 149 150 151 152 153 155 157 158 159 160 161 162 163 164 166 168 169 170 171 172 173 176 178 179 180 181 182 183 184 185 186 187 188 191 192 193 194 195 197 198 199 200 201 202 203 204 205 206 208 209 212 213 214 215 216 217 218 219 221 222 223 225 226 227 230 234 235 236 237 238 240 241 245 246 247 248 249 250
129 41 130 131 132 140 141 142 143 145 146 147 149 152 153 155 157 160 162 163 164 166 168 169 170 171 173 178 179 180 181 182 183 184 185 186 187 188 192 193 197 198 200 201 203 205 209 212 214 217 221 222 223 226 227 230 235 238 240 241 245 249 250
130 37 131 132 140 141 142 143 145 146 147 149 150 152 153 155 157 160 161 162 163 164 166 168 169 170 171 172 173 178 179 180 181 182 183 184 185 186 187 188 191 192 193 194 197 198 199 200 201 203 205 206 209 212 214 216 217 221 222 223 226 227 230 234 235 238 240 241 245 246 249 250
131 95 132 134 135 136 137 138 139 140 141 142 143 145 146 147 148 149 150 151 152 153 155 157 158 159 160 161 162 163 164 166 168 169 170 171 172 173 176 178 179 180 181 182 183 184 185 186 187 188 191 192 193 194 195 197 198 199 200 201 202 203 204 205 206 208 209 212 213 214 215 216 217 218 219 221 222 223 225 226 227 230 234 235 236 237 238 240 241 245 246 248 249 250
132 20 140 141 142 143 145 146 147 149 150 152 153 155 157 160 161 162 163 164 166 168 169 170 171 172 173 178 179 180 181 182 183 184 185 186 187 188 191 192 193 194 197 198 199 200 201 203 205 206 209 212 214 216 217 221 222 223 226 227 230 234 235 238 240 241 245 246 249 250
133 84
134 33 162 184 200 209 212 222 227
135 28 142 145 152 155 157 162 164 169 171 179 183 184 187 197 198 200 203 209 212 214 221 222 227 240
136 40 142 145 152 157 162 169 171 183 184 197 200 203 209 212 214 222 227 240
137 91 200 209 222
138 39 200 209 212 222
139 63 162 184 200 209 212 222
140 66 141 142 143 145 146 147 149 150 152 153 155 157 160 161 162 163 164 166 168 169 170 171 172 173 178 179 180 181 182 183 184 185 186 187 188 191 192 193 194 197 198 199 200 201 203 205 206 209 212 213 214 216 217 221 222 223 226 227 230 234 235 237 238 240 241 245 246 249 250
141 29 142 143 145 146 147 149 152 153 155 157 160 162 163 164 166 168 169 170 171 173 178 179 180 181 182 183 184 186 187 188 192 193 197 198 200 201 203 205 209 212 214 217 221 222 223 226 227 230 235 238 240 241 245 249 250
142 74 143 145 146 147 149 150 151 152 153 155 157 159 160 161 162 163 164 166 168 169 170 171 172 173 176 178 179 180 181 182 183 184 185 186 187 188 191 192 193 194 195 197 198 199 200 201 203 204 205 206 209 212 213 214 216 217 218 221 222 223 225 226 227 230 234 235 237 238 240 241 245 246 248 249 250
143 97 145 146 147 149 150 152 153 155 157 160 161 162 163 164 166 168 169 170 171 172 173 178 179 180 181 182 183 184 185 186 187 188 191 192 193 194 197 198 199 200 201 203 205 206 209 212 213 214 216 217 221 222 223 226 227 230 234 235 237 238 240 241 245 246 249 250
144 41
145 81 146 147 149 150 151 152 153 155 157 159 160 161 162 163 164 166 168 169 170 171 172 173 176 178 179 180 181 182 183 184 185 186 187 188 191 192 193 194 195 197 198 199 200 201 203 204 205 206 209 212 213 214 216 217 218 221 222 223 225 226 227 230 234 235 237 238 240 241 245 246 248 249 250
146 53 147 149 150 152 153 155 157 160 161 162 163 164 166 168 169 170 171 173 178 179 180 181 182 183 184 185 186 187 188 191 192 193 194 197 198 200 201 203 205 206 209 212 214 217 221 222 223 226 227 230 234 235 238 240 241 245 249 250
147 22 149 150 152 153 155 157 160 161 162 163 164 166 168 169 170 171 173 178 179 180 181 182 183 184 185 186 187 188 191 192 193 194 197 198 200 201 203 205 206 209 212 214 217 221 222 223 226 227 230 234 235 238 240 241 245 249 250
148 32 162 184 200 209 212 222 227
149 91 150 152 153 155 157 160 161 162 163 164 166 168 169 170 171 172 173 178 179 180 181 182 183 184 185 186 187 188 191 192 193 194 197 198 199 200 201 203 205 206 209 212 213 214 216 217 221 222 223 226 227 230 234 235 237 238 240 241 245 246 249 250
150 61 152 153 155 157 162 164 169 171 178 179 183 184 187 197 198 200 203 209 212 214 221 222 223 227 240 249
151 33 152 155 157 162 164 169 171 179 183 184 187 197 198 200 203 209 212 214 221 222 227 240
152 91 153 155 157 159 160 161 162 163 164 166 168 169 170 171 172 173 176 178 179 180 181 182 183 184 185 186 187 188 191 192 193 194 195 197 198 199 200 201 203 204 205 206 208 209 212 213 214 216 217 218 221 222 223 225 226 227 230 234 235 237 238 240 241 245 246 248 249 250
153 55 155 157 160 161 162 163 164 166 168 169 170 171 172 173 178 179 180 181 182 183 184 185 186 187 188 191 192 193 194 197 198 199 200 201 203 205 206 209 212 214 216 217 221 222 223 226 227 230 234 235 238 240 241 245 246 249 250
154 56
155 57 157 160 161 162 163 164 166 168 169 170 171 172 173 176 178 179 180 181 182 183 184 185 186 187 188 191 192 193 194 195 197 198 199 200 201 203 205 206 209 212 213 214 216 217 221 222 223 225 226 227 230 234 235 237 238 240 241 245 246 249 250
156 44
157 60 159 160 161 162 163 164 166 168 169 170 171 172 173 176 178 179 180 181 182 183 184 185 186 187 188 191 192 193 194 195 197 198 199 200 201 203 204 205 206 209 212 213 214 216 217 218 221 222 223 225 226 227 230 234 235 237 238 240 241 245 246 248 249 250
158 55 200 209 212 222
159 92 162 164 169 171 179 183 184 197 200 203 209 212 214 221 222 227 240
160 39 162 163 164 166 168 169 170 171 173 178 179 181 182 183 184 187 188 192 193 197 198 200 203 205 209 212 214 217 221 222 223 226 227 230 235 238 240 241 245 249 250
161 38 162 164 169 170 171 178 179 183 184 187 197 198 200 203 209 212 214 221 222 223 227 240 249
162 100 163 164 166 168 169 170 171 172 173 176 178 179 180 181 182 183 184 185 186 187 188 191 192 193 194 195 197 198 199 200 201 203 204 205 206 208 209 212 213 214 216 217 218 221 222 223 225 226 227 230 234 235 237 238 240 241 245 246 248 249 250
163 30 164 166 168 169 170 171 173 178 179 180 181 182 183 184 185 186 187 188 192 193 197 198 200 201 203 205 209 212 214 217 221 222 223 226 227 230 235 238 240 241 245 249 250
164 65 166 168 169 170 171 172 173 176 178 179 180 181 182 183 184 185 186 187 188 191 192 193 194 195 197 198 199 200 201 203 205 206 209 212 213 214 216 217 218 221 222 223 225 226 227 230 234 235 237 238 240 241 245 246 248 249 250
165 22
166 78 169 170 171 173 178 179 182 183 184 187 188 192 193 197 198 200 203 205 209 212 214 217 221 222 223 227 230 235 238 240 241 245 249 250
167 84
168 32 169 170 171 173 178 179 182 183 184 187 188 192 193 197 198 200 203 205 209 212 214 217 221 222 223 227 230 235 238 240 241 245 249 250
169 51 170 171 172 173 176 178 179 180 181 182 183 184 185 186 187 188 191 192 193 194 195 197 198 199 200 201 203 204 205 206 209 212 213 214 216 217 218 221 222 223 225 226 227 230 234 235 237 238 240 241 245 246 248 249 250
170 52 171 173 178 179 180 181 182 183 184 185 186 187 188 192 193 194 197 198 200 201 203 205 209 212 214 217 221 222 223 226 227 230 234 235 238 240 241 245 249 250
171 47 172 173 176 178 179 180 181 182 183 184 185 186 187 188 191 192 193 194 195 197 198 199 200 201 203 204 205 206 208 209 212 213 214 216 217 218 221 222 223 225 226 227 230 234 235 237 238 240 241 245 246 248 249 250
172 62 179 183 184 187 197 198 200 203 209 212 214 221 222 223 227 240 249
173 63 178 179 180 181 182 183 184 185 186 187 188 192 193 197 198 200 201 203 205 209 212 214 217 221 222 223 226 227 230 235 238 240 241 245 249 250
174 25
175 42
176 59 179 183 184 187 197 198 200 203 209 212 214 221 222 227 240
177 24
178 88 179 180 181 182 183 184 185 186 187 188 191 192 193 194 197 198 200 201 203 205 206 209 212 214 217 221 222 223 226 227 230 234 235 238 240 241 245 249 250
179 61 180 181 182 183 184 185 186 187 188 191 192 193 194 195 197 198 199 200 201 203 205 206 209 212 213 214 216 217 218 221 222 223 225 226 227 230 234 235 237 238 240 241 245 246 248 249 250
180 71 183 184 187 193 197 198 200 203 205 209 212 214 221 222 223 227 240 245 249
181 23 182 183 184 187 188 192 193 197 198 200 203 205 209 212 214 217 221 222 223 227 230 235 238 240 241 245 249 250
182 48 183 184 186 187 188 192 193 197 198 200 203 205 209 212 214 217 221 222 223 226 227 230 235 238 240 241 245 249 250
183 78 184 185 186 187 188 191 192 193 194 195 197 198 199 200 201 203 204 205 206 209 212 213 214 216 217 218 221 222 223 225 226 227 230 234 235 237 238 240 241 245 246 248 249 250
184 85 185 186 187 188 191 192 193 194 195 197 198 199 200 201 203 204 205 206 208 209 212 213 214 216 217 218 219 221 222 223 225 226 227 230 234 235 237 238 240 241 245 246 248 249 250
185 92 187 193 197 198 200 203 205 209 212 214 221 222 223 227 240 249
186 39 187 188 193 197 198 200 203 205 209 212 214 221 222 223 227 230 240 245 249 250
187 31 188 191 192 193 194 197 198 199 200 201 203 205 206 209 212 213 214 216 217 221 222 223 225 226 227 230 234 235 237 238 240 241 245 246 249 250
188 76 192 193 197 198 200 201 203 205 209 212 214 217 221 222 223 226 227 230 235 238 240 241 245 249 250
189 87
190 54
191 61 197 198 200 203 209 212 214 221 222 223 227 240 249
192 66 193 197 198 200 203 205 209 212 214 217 221 222 223 226 227 230 235 238 240 241 245 249 250
193 40 197 198 200 201 203 205 209 212 214 217 221 222 223 226 227 230 235 238 240 241 245 249 250
194 22 197 198 200 203 209 212 214 221 222 223 227 240 249
195 74 197 200 203 209 212 214 221 222 227 240
196 99
197 96 198 199 200 201 203 204 205 206 209 212 213 214 216 217 218 221 222 223 225 226 227 230 234 235 237 238 240 241 245 246 248 249 250
198 73 199 200 201 203 205 206 209 212 213 214 216 217 221 222 223 225 226 227 230 234 235 237 238 240 241 245 246 249 250
199 24 200 203 209 212 214 221 222 223 227 240 249
200 43 201 202 203 204 205 206 208 209 212 213 214 215 216 217 218 219 221 222 223 225 226 227 230 234 235 236 237 238 240 241 245 246 248 249 250
201 93 203 205 209 212 214 221 222 223 227 230 240 245 249 250
202 47 209 222
203 51 204 205 206 208 209 212 213 214 216 217 218 221 222 223 225 226 227 230 234 235 237 238 240 241 245 246 248 249 250
204 22 209 212 214 222 227 240
205 49 209 212 214 217 221 222 223 226 227 230 235 238 240 241 245 249 250
206 39 209 212 214 221 222 223 227 240 249
207 21
208 72 209 212 222 227
209 93 212 213 214 216 217 218 219 221 222 223 225 226 227 230 234 235 236 237 238 240 241 245 246 248 249 250
210 72
211 49
212 68 213 214 216 217 218 219 221 222 223 225 226 227 230 234 235 237 238 240 241 245 246 248 249 250
213 71 214 221 222 227 240
214 82 216 217 218 221 222 223 225 226 227 230 234 235 237 238 240 241 245 246 248 249 250
215 44 222
216 25 221 222 223 227 240 249
217 82 221 222 223 226 227 230 235 238 240 241 245 249 250
218 74 221 222 227 240
219 59 222
220 28
221 33 222 223 225 226 227 230 234 235 237 238 240 241 245 246 248 249 250
222 61 223 225 226 227 230 234 235 236 237 238 240 241 245 246 248 249 250
223 90 226 227 230 234 235 238 240 241 245 246 249 250
224 97
225 62 227 240
226 42 227 230 238 240 245 249 250
227 100 230 234 235 237 238 240 241 245 246 248 249 250
228 50
229 31
230 84 235 238 240 241 245 249 250
231 81
232 27
233 45
234 84 240 249
235 54 238 240 241 245 249 250
236 34
237 79 240
238 100 240 241 245 249 250
239 63
240 48 241 245 246 248 249 250
241 68 245 249 250
242 46
243 74
244 65
245 35 249 250
246 66 249
247 53
248 27
249 70 250
250 86
