500 150
1 67
2 25
3 24
4 33 9 23 28 33 34 35 55 59 63 79 89 95 107 120 140 197 220 270 281 299 304 307 319 345 367 373 381 385 389 391 395 446 456 457 459 462 465 480
5 75
6 71
7 38
8 24
9 62 23 26 28 33 34 35 55 59 61 63 130 68 69 79 83 89 95 107 120 123 129 259 140 197 201 207 214 220 229 233 270 278 279 281 284 299 304 307 312 318 319 334 345 362 367 373 374 381 385 386 388 389 391 394 395 404 408 409 415 426 438 443 446 447 456 457 459 462 465 480 492
10 71
11 88
12 83
13 34
14 49
15 91
16 34
17 33
18 38
19 85
20 83
21 39
22 68 23 28 34 59 63 107 120 197 270 281 345 373 385 389 446 457 480
23 33 26 28 33 34 35 45 55 59 61 63 130 68 69 77 78 79 83 89 95 107 120 123 129 259 137 140 197 201 207 214 220 222 229 233 270 278 279 281 284 299 303 304 307 312 318 319 334 345 362 366 367 371 373 374 381 385 386 388 389 391 394 395 404 408 409 415 426 438 443 446 447 456 457 459 462 465 480 486 492
24 99
25 41
26 47 28 33 34 59 63 79 89 107 120 197 270 281 307 345 373 381 385 389 446 457 480
27 24
28 32 33 34 35 45 55 59 61 63 130 68 69 77 78 79 83 89 95 107 120 123 129 259 137 140 190 197 201 207 210 214 220 222 229 233 270 278 279 281 284 299 303 304 307 308 312 318 319 334 345 362 366 367 371 373 374 381 385 386 388 389 391 394 395 404 408 409 415 425 426 438 443 446 447 456 457 459 462 465 466 480 486 492
29 25
30 98
31 66
32 99
33 96 34 35 55 59 61 63 130 68 69 79 89 95 107 120 123 129 140 197 201 207 214 220 229 233 270 279 281 284 299 304 307 312 318 319 334 345 362 367 373 374 381 385 386 388 389 391 394 395 404 408 409 415 426 438 446 447 456 457 459 462 465 480 492
34 28 35 45 55 59 61 63 130 68 69 77 78 79 83 89 95 101 107 117 120 123 129 259 137 140 190 197 201 207 210 214 220 222 229 233 242 270 278 279 281 284 297 299 303 304 307 308 312 318 319 321 334 343 345 362 366 367 371 373 374 377 381 385 386 388 389 391 394 395 404 408 409 415 423 425 426 438 443 446 447 456 457 459 462 465 466 480 486 492
35 98 55 59 61 63 68 79 89 95 107 120 129 140 197 201 207 214 220 233 270 279 281 284 299 304 307 312 319 334 345 362 367 373 374 381 385 388 389 391 394 395 404 408 409 415 426 446 447 456 457 459 462 465 480 492
36 91
37 60
38 74
39 64
40 63
41 31
42 43
43 94
44 32
45 23 59 63 107 120 197 270 281 345 373 385 389 446 457 480
46 95
47 28
48 40
49 52
50 77
51 38
52 48
53 79
54 40
55 42 59 63 68 79 89 95 107 120 140 197 201 207 214 220 270 279 281 299 304 307 312 319 334 345 362 367 373 374 381 385 388 389 391 394 395 404 408 409 415 426 446 456 457 459 462 465 480 492
56 54 63 107 281 345 385
57 39
58 42
59 30 61 63 130 68 69 77 78 79 83 89 95 101 107 117 120 123 129 259 137 140 190 197 201 207 210 214 220 222 229 233 242 270 278 279 281 284 299 303 304 307 308 312 318 319 321 334 343 345 362 366 367 371 373 374 377 381 385 386 388 389 391 394 395 404 408 409 415 423 425 426 438 443 446 447 456 457 459 462 465 466 480 486 492
60 54
61 95 63 79 89 107 120 140 197 270 281 307 319 345 367 373 381 385 389 391 395 446 457 480
62 31
63 71 130 68 69 77 78 79 83 89 95 101 105 107 117 120 123 129 259 137 140 190 197 201 207 210 214 220 222 229 233 242 270 278 279 281 284 297 299 303 304 307 308 312 318 319 321 334 343 345 362 366 367 371 373 374 377 381 385 386 388 389 391 394 395 404 408 409 415 423 425 426 438 443 446 447 456 457 459 462 465 466 480 486 492
64 23
65 58
66 94
67 70
68 56 79 89 95 107 120 140 197 220 270 281 299 304 307 319 345 367 373 381 385 389 391 394 395 446 456 457 459 462 465 480
69 61 79 89 107 120 140 197 270 281 307 345 367 373 381 385 389 446 457 480
70 41
71 37
72 45
73 21
74 54
75 74
76 44
77 92 107 120 197 270 281 345 373 385 389 446 457 480
78 90 107 120 197 270 281 345 373 385 389 446 457 480
79 92 130 83 89 95 107 120 123 129 259 140 197 201 207 214 220 229 233 270 278 279 281 284 299 304 307 312 318 319 334 345 362 367 373 374 381 385 386 388 389 391 394 395 404 408 409 415 426 438 443 446 447 456 457 459 462 465 480 492
80 89
81 26
82 94
83 79 89 107 120 197 270 281 345 373 381 385 389 446 457 480
84 31
85 67
86 36
87 91
88 73
89 98 130 95 107 120 123 129 259 140 197 201 207 214 220 229 233 270 278 279 281 284 299 304 307 312 318 319 334 345 362 366 367 373 374 381 385 386 388 389 391 394 395 404 408 409 415 426 438 443 446 447 456 457 459 462 465 480 492
90 52
91 67
92 75
93 61
94 37
95 64 107 120 140 197 201 207 214 220 270 279 281 299 304 307 312 319 334 345 362 367 373 374 381 385 388 389 391 394 395 404 408 409 415 426 446 456 457 459 462 465 480 492
96 29
97 56
98 34
99 87
100 26
101 42 107 120 197 281 345 373 385 446 457 480
102 100
103 40
104 29
105 78 107 385
106 70
107 59 130 117 120 123 129 259 137 140 190 197 201 207 210 214 220 222 229 233 242 270 278 279 281 284 297 299 303 304 307 308 312 318 319 321 334 343 345 362 366 367 371 373 374 377 381 385 386 388 389 391 394 395 404 408 409 415 423 425 426 438 443 446 447 456 457 459 462 465 466 480 486 492
108 27
109 43
110 59
111 82
112 63
113 76
114 52
115 28
116 66
117 56 120 197 281 345 373 385 446
118 83
119 62
120 98 130 123 129 259 137 140 190 197 201 207 210 214 220 222 229 233 242 270 278 279 281 284 299 303 304 307 308 312 318 319 321 334 343 345 362 366 367 371 373 374 377 381 385 386 388 389 391 394 395 404 408 409 415 423 425 426 438 443 446 447 456 457 459 462 465 466 480 486 492
121 55
122 98
123 57 197 270 281 307 345 373 381 385 389 446 457 480
124 49
125 95
126 89
127 57
128 69
129 79 140 197 270 281 307 319 345 367 373 381 385 389 391 395 446 456 457 480
130 77 140 197 270 281 307 345 367 373 381 385 389 391 446 457 480
131 44
132 22
133 70
134 87
135 91
136 43
137 42 197 270 281 345 373 385 389 446 457 480
138 40
139 67
140 59 197 201 207 214 220 229 233 270 279 281 284 299 304 307 312 318 319 334 345 362 367 373 374 381 385 386 388 389 391 394 395 404 408 409 415 426 438 446 447 456 457 459 462 465 480 492
141 49
142 99
143 60
144 22
145 20
146 35
147 23
148 36
149 98
150 82
151 82
152 57
153 85
154 83
155 85
156 56
157 66
158 37
159 41
160 33
161 82
162 21
163 42
164 99
165 78
166 72
167 36
168 20
169 91
170 34
171 44
172 90
173 88
174 89
175 64
176 96
177 78
178 30
179 78
180 57
181 51
182 30
183 96
184 90
185 35
186 49
187 69
188 49
189 77
190 80 197 270 281 345 373 385 446 457 480
191 24
192 44
193 67
194 28
195 48
196 80
197 35 259 201 207 210 214 220 222 229 233 242 270 278 279 281 284 297 299 303 304 307 308 312 318 319 321 334 343 345 362 366 367 371 373 374 377 381 385 386 388 389 391 394 395 404 408 409 415 423 425 426 438 443 446 447 456 457 459 462 465 466 480 486 492
198 46
199 44
200 40
201 76 220 270 281 299 304 307 319 345 367 373 381 385 389 391 394 395 446 456 457 459 462 465 480
202 99
203 86
204 84
205 93
206 25
207 71 220 270 281 299 304 307 319 345 367 373 381 385 389 391 394 395 404 426 446 456 457 459 462 465 480
208 25
209 66
210 27 270 281 345 373 385 389 446 457 480
211 80
212 57
213 96
214 51 220 270 281 299 304 307 319 345 367 373 381 385 389 391 395 446 456 457 459 462 465 480
215 28
216 82
217 94
218 48
219 40
220 65 270 279 281 299 304 307 312 319 334 345 362 367 373 374 381 385 388 389 391 394 395 404 408 409 415 426 446 456 457 459 462 465 480 492
221 54
222 92 270 281 345 373 385 389 446 457 480
223 23
224 72
225 81
226 37
227 71
228 72
229 40 270 281 307 345 367 373 381 385 389 446 457 480
230 95
231 31
232 39
233 25 270 281 307 319 345 367 373 381 385 389 391 395 446 457 480
234 90
235 77
236 73
237 25
238 57
239 67
240 21
241 23
242 70 270 281 345 373 385 446 457 480
243 39
244 35
245 68
246 91
247 21
248 21
249 46
250 57
251 67
252 60
253 24
254 89
255 82
256 72
257 20
258 44
259 37 270 281 307 345 373 381 385 389 446 457 480
260 91
261 29
262 27
263 84
264 91
265 87
266 34
267 31
268 20
269 73
270 36 278 279 281 284 299 303 304 307 308 312 318 319 334 345 362 366 367 371 373 374 381 385 386 388 389 391 394 395 404 408 409 415 425 426 438 443 446 447 456 457 459 462 465 466 480 486 492
271 99
272 29
273 21
274 57
275 74
276 38
277 78
278 98 281 345 373 381 385 389 446 457 480
279 69 281 299 304 307 319 345 362 367 373 381 385 389 391 394 395 404 426 446 456 457 459 462 465 480 492
280 43
281 84 284 297 299 303 304 307 308 312 318 319 321 334 343 345 362 366 367 371 373 374 377 381 385 386 388 389 391 394 395 404 408 409 415 423 425 426 438 443 446 447 456 457 459 462 465 466 480 486 492
282 77
283 61
284 79 307 319 345 367 373 381 385 389 391 395 446 456 457 480
285 91
286 49
287 89
288 32
289 23
290 83
291 21
292 90
293 85
294 77
295 100
296 94
297 23 345 385
298 52
299 71 304 307 312 319 334 345 362 367 373 374 381 385 388 389 391 394 395 404 408 409 415 426 446 456 457 459 462 465 480 492
300 84
301 85
302 98
303 31 345 373 385 389 446 457 480
304 20 307 312 319 334 345 362 367 373 374 381 385 388 389 391 394 395 404 408 409 415 426 446 456 457 459 462 465 480 492
305 69
306 92
307 25 312 318 319 334 345 362 367 373 374 381 385 386 388 389 391 394 395 404 408 409 415 426 438 443 446 447 456 457 459 462 465 480 492
308 74 345 373 385 389 446 457 480
309 97
310 34
311 61
312 47 319 345 367 373 381 385 389 391 394 395 446 456 457 459 462 465 480
313 87
314 28
315 82
316 85
317 97
318 93 345 367 373 381 385 389 446 457 480
319 40 334 345 362 367 373 374 381 385 388 389 391 394 395 404 408 409 415 426 446 447 456 457 459 462 465 480 492
320 23
321 37 345 373 385 446 457 480
322 46
323 70
324 94
325 30
326 74
327 47
328 57
329 33
330 32
331 82
332 67
333 53
334 80 345 367 373 381 385 389 391 395 446 456 457 459 480
335 64
336 21
337 48
338 57
339 43
340 64
341 88
342 25
343 27 345 373 385 446 457 480
344 90
345 67 362 366 367 371 373 374 377 381 385 386 388 389 391 394 395 404 408 409 415 423 425 426 438 443 446 447 456 457 459 462 465 466 480 486 492
346 87
347 67
348 28
349 71
350 21
351 20
352 72
353 93
354 44
355 86
356 85
357 39
358 78
359 54
360 71
361 48
362 74 367 373 381 385 388 389 391 394 395 404 408 415 426 446 456 457 459 462 465 480 492
363 54
364 93
365 52
366 53 373 385 389 446 457 480
367 51 373 374 381 385 386 388 389 391 394 395 404 408 409 415 426 438 446 447 456 457 459 462 465 480 492
368 48
369 62
370 36
371 48 373 385 389 446 457 480
372 98
373 26 374 377 381 385 386 388 389 391 394 395 404 408 409 415 423 425 426 438 443 446 447 456 457 459 462 465 466 480 486 492
374 70 381 385 389 391 394 395 446 456 457 459 462 465 480
375 50
376 42
377 32 385 446 457 480
378 36
379 36
380 85
381 35 385 386 388 389 391 394 395 404 408 409 415 426 438 443 446 447 456 457 459 462 465 480 492
382 59
383 53
384 60
385 70 386 388 389 391 394 395 404 408 409 415 423 425 426 438 443 446 447 456 457 459 462 465 466 480 486 492
386 66 389 446 457 480
387 64
388 60 389 391 394 395 404 408 426 446 456 457 459 462 465 480 492
389 29 391 394 395 404 408 409 415 425 426 438 443 446 447 456 457 459 462 465 466 480 486 492
390 52
391 41 394 395 404 408 409 415 426 438 446 447 456 457 459 462 465 480 492
392 28
393 39
394 96 395 404 408 415 426 446 456 457 459 462 465 480 492
395 22 404 408 409 415 426 446 447 456 457 459 462 465 480 492
396 44
397 43
398 83
399 64
400 55
401 50
402 52
403 99
404 71 408 415 426 446 456 457 459 462 465 480 492
405 54
406 31
407 34
408 80 415 426 446 456 457 459 462 465 480 492
409 82 446 456 457 459 480
410 82
411 77
412 54
413 67
414 66
415 58 426 446 456 457 459 462 465 480 492
416 49
417 57
418 37
419 27
420 83
421 68
422 86
423 92 446 457 480
424 65
425 31 446 457 480
426 96 446 456 457 459 462 465 480 492
427 100
428 45
429 68
430 58
431 29
432 53
433 80
434 57
435 61
436 27
437 87
438 86 446 457 480
439 51
440 73
441 37
442 67
443 77 446 457 480
444 25
445 38
446 88 447 456 457 459 462 465 466 480 486 492
447 93 456 457 480
448 86
449 23
450 98
451 77
452 27
453 40
454 85
455 71
456 73 457 459 462 465 480 492
457 57 459 462 465 466 480 486 492
458 96
459 25 462 465 480 492
460 25
461 62
462 30 465 480 492
463 94
464 39
465 68 480 492
466 53 480
467 36
468 62
469 66
470 44
471 38
472 81
473 59
474 96
475 83
476 82
477 46
478 48
479 67
480 79 486 492
481 25
482 32
483 74
484 45
485 70
486 81
487 24
488 73
489 22
490 74
491 69
492 36
493 43
494 73
495 52
496 69
497 95
498 96
499 40
500 67
