500 150
1 73
2 99
3 36 7 8 12 18 19 29 32 33 66 35 40 42 44 47 48 50 52 57 59 60 62 63 130 68 69 71 75 77 78 81 84 85 88 89 91 93 94 96 98 100 101 102 107 108 110 112 113 118 119 120 122 125 259 133 134 136 137 139 140 141 147 151 158 159 161 163 167 168 172 173 181 182 183 186 187 188 189 193 195 201 202 204 206 207 209 211 214 215 217 218 223 224 227 235 236 240 241 242 243 244 245 249 251 252 253 255 256 263 264 266 271 273 283 284 289 291 293 295 301 302 304 306 308 310 313 316 317 318 319 320 322 326 328 330 333 335 338 340 341 342 343 350 352 353 354 361 362 363 364 369 370 379 380 381 383 385 387 391 396 403 406 412 415 416 418 419 420 422 424 427 430 433 436 437 438 439 443 445 446 449 454 456 457 463 464 466 469 470 471 473 474 475 476 479 486 488 493 494 496 498 500
4 56
5 65
6 46
7 60 8 9 12 18 19 22 29 32 33 66 35 40 42 44 47 48 50 52 57 59 60 62 63 130 68 69 71 75 77 78 81 84 85 88 89 91 93 94 96 98 100 101 102 107 108 110 112 113 116 118 119 120 122 124 125 259 132 133 134 136 137 139 140 141 147 151 158 159 161 163 167 168 172 173 181 182 183 186 187 188 189 190 191 193 195 201 202 204 206 207 209 211 212 214 215 216 217 218 219 223 224 226 227 231 235 236 240 241 242 243 244 245 248 249 250 251 252 253 255 256 263 264 265 266 268 271 273 283 284 289 291 293 295 297 300 301 302 304 306 308 310 313 316 317 318 319 320 322 326 328 330 333 335 338 340 341 342 343 350 352 353 354 360 361 362 363 364 369 370 379 380 381 383 385 387 391 395 396 403 406 412 415 416 417 418 419 420 422 424 427 430 433 436 437 438 439 443 445 446 449 454 456 457 458 463 464 466 469 470 471 473 474 475 476 479 486 488 493 494 496 498 500
8 32 18 19 29 32 66 40 47 48 50 68 71 75 77 84 85 88 89 94 98 100 102 107 108 113 119 120 122 133 134 136 137 139 147 159 161 167 172 173 183 186 187 195 202 204 206 207 209 214 215 218 227 235 241 242 243 244 251 253 255 256 263 264 271 273 284 291 293 295 301 302 306 310 316 317 319 322 326 330 335 343 350 352 353 354 369 370 379 380 381 383 385 396 403 412 416 418 419 420 422 427 430 433 438 439 443 454 457 466 469 470 471 474 475 479 493 494 498 500
9 77 18 29 32 66 40 47 50 84 85 88 89 100 102 107 113 120 133 136 137 139 147 167 186 187 195 207 215 218 227 235 243 244 251 256 263 264 271 273 291 293 295 310 317 322 326 335 343 350 354 379 380 381 383 385 418 420 422 427 430 438 454 457 469 474 479 493 494 498 500
10 41
11 32 50 100 113 167 244 310 317 322 343 350 380 418 457 469
12 94 18 19 29 32 66 40 47 48 50 63 68 71 75 77 78 84 85 88 89 93 94 98 100 102 107 108 113 119 120 122 133 134 136 137 139 147 159 161 167 172 173 183 186 187 195 202 204 206 207 209 214 215 217 218 223 227 235 241 242 243 244 245 251 253 255 256 263 264 271 273 284 291 293 295 301 302 306 310 316 317 319 322 326 330 335 340 343 350 352 353 354 363 369 370 379 380 381 383 385 396 403 412 416 418 419 420 422 427 430 433 438 439 443 445 454 457 466 469 470 471 474 475 479 493 494 498 500
13 77
14 63 32 66 50 84 88 89 100 107 113 137 139 167 187 235 243 244 251 263 271 291 293 310 317 322 343 350 380 381 383 385 418 438 457 469 479 494 498 500
15 35 50 100 113 167 317 322 343 350 418 457 469
16 78 18 29 32 66 40 47 50 84 85 88 89 100 107 113 137 139 167 187 215 235 243 244 251 256 263 271 291 293 310 317 322 343 350 380 381 383 385 418 438 457 469 474 479 494 498 500
17 24 66 50 100 113 139 167 244 310 317 322 343 350 380 418 457 469
18 95 19 22 29 32 33 66 35 39 40 42 44 47 48 50 52 54 57 59 60 62 63 130 68 69 71 74 75 77 78 81 82 84 85 88 89 91 93 94 96 98 100 101 102 107 108 110 112 113 116 118 119 120 122 124 125 128 259 132 133 134 136 137 139 140 141 147 150 151 158 159 160 161 163 167 168 172 173 175 181 182 183 184 186 187 188 189 190 191 193 195 201 202 204 206 207 208 209 211 212 214 215 216 217 218 219 223 224 226 227 231 235 236 240 241 242 243 244 245 248 249 250 251 252 253 254 255 256 263 264 265 266 268 271 273 280 283 284 289 291 293 295 297 300 301 302 304 306 308 310 312 313 316 317 318 319 320 322 326 328 330 333 335 338 339 340 341 342 343 344 350 352 353 354 355 360 361 362 363 364 369 370 379 380 381 383 385 387 391 395 396 403 406 412 415 416 417 418 419 420 422 424 427 430 431 433 436 437 438 439 443 444 445 446 449 454 456 457 458 459 462 463 464 466 469 470 471 473 474 475 476 479 486 488 493 494 496 498 500
19 96 29 32 33 66 35 40 42 44 47 48 50 52 57 59 60 62 63 130 68 69 71 75 77 78 81 84 85 88 89 91 93 94 96 98 100 101 102 107 108 110 112 113 118 119 120 122 124 125 259 133 134 136 137 139 140 141 147 151 158 159 161 163 167 168 172 173 181 182 183 186 187 188 189 193 195 201 202 204 206 207 209 211 214 215 217 218 219 223 224 227 235 236 240 241 242 243 244 245 249 250 251 252 253 255 256 263 264 266 271 273 283 284 289 291 293 295 301 302 304 306 308 310 313 316 317 318 319 320 322 326 328 330 333 335 338 340 341 342 343 350 352 353 354 361 362 363 364 369 370 379 380 381 383 385 387 391 396 403 406 412 415 416 418 419 420 422 424 427 430 433 436 437 438 439 443 445 446 449 454 456 457 463 464 466 469 470 471 473 474 475 476 479 486 488 493 494 496 498 500
20 81 113 167 322 350 418
21 86
22 75 29 32 66 40 47 50 84 85 88 89 100 102 107 113 133 137 139 147 167 186 187 195 207 215 227 235 243 244 251 256 263 264 271 273 291 293 310 317 322 326 335 343 350 354 379 380 381 383 385 418 420 422 427 430 438 454 457 469 474 479 493 494 498 500
23 36
24 21
25 48
26 28
27 95 50 100 113 167 317 322 343 350 418 457
28 62
29 91 32 33 66 35 39 40 42 44 47 48 50 52 54 57 59 60 62 63 130 68 69 71 74 75 77 78 81 82 84 85 88 89 91 93 94 96 98 100 101 102 107 108 110 112 113 116 118 119 120 122 124 125 128 259 132 133 134 136 137 139 140 141 147 150 151 158 159 160 161 163 167 168 172 173 175 181 182 183 184 186 187 188 189 190 191 193 195 201 202 204 206 207 208 209 211 212 214 215 216 217 218 219 223 224 226 227 231 235 236 240 241 242 243 244 245 248 249 250 251 252 253 254 255 256 263 264 265 266 268 271 273 280 283 284 289 291 293 295 297 300 301 302 304 306 308 310 312 313 316 317 318 319 320 322 326 328 330 333 335 338 339 340 341 342 343 344 350 352 353 354 355 360 361 362 363 364 369 370 379 380 381 383 385 387 391 395 396 403 406 412 415 416 417 418 419 420 422 424 427 430 431 433 436 437 438 439 443 444 445 446 449 454 456 457 458 459 462 463 464 466 469 470 471 473 474 475 476 479 486 488 493 494 496 498 500
30 40
31 26
32 88 33 66 35 39 40 42 44 47 48 50 52 54 55 57 59 60 62 63 130 68 69 71 73 74 75 77 78 81 82 84 85 88 89 91 93 94 96 98 100 101 102 107 108 110 112 113 116 118 119 120 122 124 125 128 259 132 133 134 136 137 139 140 141 143 147 150 151 158 159 160 161 163 167 168 169 170 172 173 175 181 182 183 184 186 187 188 189 190 191 193 195 196 198 201 202 204 206 207 208 209 210 211 212 214 215 216 217 218 219 223 224 226 227 231 235 236 238 240 241 242 243 244 245 248 249 250 251 252 253 254 255 256 263 264 265 266 268 271 273 274 278 280 283 284 285 289 291 293 295 297 300 301 302 304 306 308 310 312 313 316 317 318 319 320 322 326 328 330 333 335 338 339 340 341 342 343 344 350 352 353 354 355 360 361 362 363 364 369 370 376 379 380 381 383 385 386 387 391 395 396 403 406 412 415 416 417 418 419 420 422 424 427 430 431 433 436 437 438 439 443 444 445 446 449 454 456 457 458 459 462 463 464 466 467 469 470 471 473 474 475 476 479 486 488 493 494 496 498 500
33 43 66 40 47 48 50 63 68 71 75 77 78 84 85 88 89 93 94 98 100 102 107 108 110 113 119 120 122 133 134 136 137 139 147 151 159 161 167 172 173 181 183 186 187 195 202 204 206 207 209 214 215 217 218 223 224 227 235 240 241 242 243 244 245 251 253 255 256 263 264 271 273 284 291 293 295 301 302 306 308 310 316 317 319 322 326 330 335 338 340 341 343 350 352 353 354 363 369 370 379 380 381 383 385 396 403 406 412 416 418 419 420 422 427 430 433 438 439 443 445 454 457 464 466 469 470 471 474 475 479 493 494 496 498 500
34 45 66 50 84 100 107 113 139 167 235 244 310 317 322 343 350 380 418 457 469
35 22 66 40 47 50 68 75 77 84 85 88 89 94 98 100 102 107 108 113 120 133 136 137 139 147 167 172 186 187 195 202 204 206 207 209 214 215 218 227 235 241 243 244 251 256 263 264 271 273 291 293 295 306 310 317 322 326 330 335 343 350 352 354 379 380 381 383 385 396 416 418 419 420 422 427 430 433 438 454 457 469 470 474 479 493 494 498 500
36 54
37 28
38 48
39 88 66 50 84 85 88 89 100 107 113 137 139 167 187 235 243 244 251 263 271 291 293 310 317 322 343 350 380 381 383 385 418 438 457 469 474 479 494 498 500
40 80 66 42 44 47 48 50 52 54 57 59 60 62 63 130 68 69 71 74 75 77 78 81 82 84 85 88 89 91 93 94 96 98 100 101 102 107 108 110 112 113 116 118 119 120 122 124 125 128 259 132 133 134 136 137 139 140 141 147 150 151 158 159 161 163 167 168 172 173 175 181 182 183 184 186 187 188 189 190 191 193 195 201 202 204 206 207 209 211 212 214 215 216 217 218 219 223 224 226 227 231 235 236 240 241 242 243 244 245 248 249 250 251 252 253 254 255 256 263 264 265 266 268 271 273 280 283 284 289 291 293 295 297 300 301 302 304 306 308 310 312 313 316 317 318 319 320 322 326 328 330 333 335 338 339 340 341 342 343 344 350 352 353 354 355 360 361 362 363 364 369 370 379 380 381 383 385 387 391 395 396 403 406 412 415 416 417 418 419 420 422 424 427 430 431 433 436 437 438 439 443 445 446 449 454 456 457 458 463 464 466 469 470 471 473 474 475 476 479 486 488 493 494 496 498 500
41 35
42 81 66 47 50 68 75 77 84 85 88 89 100 102 107 108 113 120 133 136 137 139 147 167 172 186 187 195 202 204 207 209 215 218 227 235 241 243 244 251 256 263 264 271 273 291 293 295 306 310 317 322 326 335 343 350 352 354 379 380 381 383 385 396 418 419 420 422 427 430 433 438 454 457 469 470 474 479 493 494 498 500
43 69
44 94 66 47 50 68 71 75 77 84 85 88 89 94 98 100 102 107 108 113 120 133 136 137 139 147 161 167 172 173 183 186 187 195 202 204 206 207 209 214 215 218 227 235 241 243 244 251 256 263 264 271 273 284 291 293 295 306 310 317 319 322 326 330 335 343 350 352 354 379 380 381 383 385 396 403 416 418 419 420 422 427 430 433 438 454 457 469 470 474 475 479 493 494 498 500
45 96
46 95
47 67 66 48 50 52 54 57 59 60 62 63 130 68 69 71 74 75 77 78 81 82 84 85 88 89 91 93 94 96 98 100 101 102 107 108 110 112 113 116 118 119 120 122 124 125 128 259 132 133 134 136 137 139 140 141 147 150 151 158 159 161 163 167 168 172 173 175 181 182 183 184 186 187 188 189 190 191 193 195 201 202 204 206 207 209 211 212 214 215 216 217 218 219 223 224 226 227 231 235 236 240 241 242 243 244 245 248 249 250 251 252 253 254 255 256 263 264 265 266 268 271 273 280 283 284 289 291 293 295 297 300 301 302 304 306 308 310 313 316 317 318 319 320 322 326 328 330 333 335 338 339 340 341 342 343 350 352 353 354 355 360 361 362 363 364 369 370 379 380 381 383 385 387 391 395 396 403 406 412 415 416 417 418 419 420 422 424 427 430 431 433 436 437 438 439 443 445 446 449 454 456 457 458 463 464 466 469 470 471 473 474 475 476 479 486 488 493 494 496 498 500
48 30 66 50 52 57 63 130 68 69 71 75 77 78 81 84 85 88 89 91 93 94 96 98 100 101 102 107 108 110 113 119 120 122 125 133 134 136 137 139 147 151 158 159 161 163 167 172 173 181 183 186 187 189 193 195 202 204 206 207 209 214 215 217 218 223 224 227 235 240 241 242 243 244 245 251 253 255 256 263 264 271 273 283 284 291 293 295 301 302 304 306 308 310 313 316 317 319 322 326 328 330 335 338 340 341 343 350 352 353 354 363 364 369 370 379 380 381 383 385 391 396 403 406 412 415 416 418 419 420 422 427 430 433 438 439 443 445 446 454 457 463 464 466 469 470 471 473 474 475 479 486 493 494 496 498 500
49 29
50 59 66 52 54 55 56 57 58 59 60 62 63 130 68 69 71 73 74 75 77 78 81 82 84 85 88 89 91 93 94 95 96 98 100 101 102 107 108 110 112 113 116 118 119 120 122 124 125 128 259 132 133 134 136 137 139 140 141 143 144 147 150 151 153 158 159 160 161 163 167 168 169 170 172 173 175 181 182 183 184 186 187 188 189 190 191 193 195 196 198 201 202 203 204 206 207 208 209 210 211 212 214 215 216 217 218 219 221 222 223 224 226 227 231 235 236 238 240 241 242 243 244 245 248 249 250 251 252 253 254 255 256 263 264 265 266 268 271 273 274 278 280 283 284 285 289 291 293 295 297 300 301 302 304 305 306 308 310 312 313 316 317 318 319 320 322 323 326 327 328 329 330 333 334 335 338 339 340 341 342 343 344 350 352 353 354 355 360 361 362 363 364 369 370 372 374 376 379 380 381 383 385 386 387 391 395 396 403 406 412 415 416 417 418 419 420 422 424 427 430 431 433 436 437 438 439 443 444 445 446 449 454 456 457 458 459 462 463 464 466 467 468 469 470 471 472 473 474 475 476 479 483 486 488 493 494 496 498 500
51 40
52 65 66 63 68 71 75 77 78 84 85 88 89 93 94 98 100 102 107 108 113 119 120 122 133 134 136 137 139 147 159 161 167 172 173 183 186 187 195 202 204 206 207 209 214 215 217 218 223 227 235 241 242 243 244 245 251 253 255 256 263 264 271 273 284 291 293 295 301 302 306 310 316 317 319 322 326 330 335 340 343 350 352 353 354 363 369 370 379 380 381 383 385 396 403 412 416 418 419 420 422 427 430 433 438 439 443 445 454 457 466 469 470 471 474 475 479 493 494 498 500
53 31 113 167 322 350 418
54 74 66 84 85 88 89 100 107 113 137 139 147 167 186 187 195 207 215 227 235 243 244 251 256 263 264 271 273 291 293 310 317 322 326 335 343 350 380 381 383 385 418 422 430 438 457 469 474 479 494 498 500
55 39 66 84 88 100 107 113 137 139 167 235 243 244 271 291 293 310 317 322 343 350 380 381 383 418 438 457 469 479 498 500
56 57 66 100 107 113 139 167 244 310 317 322 343 350 380 418 457 469
57 95 66 63 68 71 75 77 78 84 85 88 89 93 94 98 100 102 107 108 113 119 120 122 133 134 136 137 139 147 159 161 167 172 173 183 186 187 195 202 204 206 207 209 214 215 217 218 223 227 235 241 242 243 244 245 251 253 255 256 263 264 271 273 284 291 293 295 301 302 306 310 316 317 319 322 326 330 335 340 343 350 352 353 354 363 369 370 379 380 381 383 385 396 403 412 416 418 419 420 422 427 430 433 438 439 443 445 454 457 466 469 470 471 474 475 479 493 494 498 500
58 46 100 113 167 310 317 322 343 350 418 457 469
59 32 66 68 71 75 77 84 85 88 89 94 98 100 102 107 108 113 120 133 134 136 137 139 147 159 161 167 172 173 183 186 187 195 202 204 206 207 209 214 215 218 227 235 241 243 244 251 256 263 264 271 273 284 291 293 295 306 310 316 317 319 322 326 330 335 343 350 352 353 354 379 380 381 383 385 396 403 416 418 419 420 422 427 430 433 438 454 457 469 470 474 475 479 493 494 498 500
60 82 66 68 71 75 77 84 85 88 89 94 98 100 102 107 108 113 119 120 133 134 136 137 139 147 159 161 167 172 173 183 186 187 195 202 204 206 207 209 214 215 218 227 235 241 243 244 251 253 255 256 263 264 271 273 284 291 293 295 302 306 310 316 317 319 322 326 330 335 343 350 352 353 354 369 379 380 381 383 385 396 403 412 416 418 419 420 422 427 430 433 438 443 454 457 469 470 471 474 475 479 493 494 498 500
61 55
62 36 66 68 71 75 77 84 85 88 89 94 98 100 102 107 108 113 119 120 133 134 136 137 139 147 159 161 167 172 173 183 186 187 195 202 204 206 207 209 214 215 218 227 235 241 243 244 251 253 255 256 263 264 271 273 284 291 293 295 302 306 310 316 317 319 322 326 330 335 343 350 352 353 354 369 379 380 381 383 385 396 403 412 416 418 419 420 422 427 430 433 438 439 443 454 457 469 470 471 474 475 479 493 494 498 500
63 47 66 130 68 69 71 75 77 78 84 85 88 89 91 93 94 98 100 101 102 107 108 110 113 119 120 122 133 134 136 137 139 147 151 158 159 161 167 172 173 181 183 186 187 189 195 202 204 206 207 209 214 215 217 218 223 224 227 235 240 241 242 243 244 245 251 253 255 256 263 264 271 273 284 291 293 295 301 302 304 306 308 310 313 316 317 319 322 326 330 335 338 340 341 343 350 352 353 354 363 369 370 379 380 381 383 385 391 396 403 406 412 415 416 418 419 420 422 427 430 433 438 439 443 445 446 454 457 463 464 466 469 470 471 474 475 479 486 493 494 496 498 500
64 85
65 80 113 167 418
66 36 130 68 69 71 73 74 75 77 78 81 82 84 85 88 89 91 93 94 96 98 100 101 102 107 108 110 112 113 116 118 119 120 122 124 125 128 259 132 133 134 136 137 139 140 141 143 144 147 150 151 158 159 160 161 163 167 168 169 170 172 173 175 181 182 183 184 186 187 188 189 190 191 193 195 196 198 201 202 203 204 206 207 208 209 210 211 212 214 215 216 217 218 219 222 223 224 226 227 231 235 236 238 240 241 242 243 244 245 248 249 250 251 252 253 254 255 256 263 264 265 266 268 271 273 274 278 280 283 284 285 289 291 293 295 297 300 301 302 304 305 306 308 310 312 313 316 317 318 319 320 322 326 327 328 329 330 333 334 335 338 339 340 341 342 343 344 350 352 353 354 355 360 361 362 363 364 369 370 372 376 379 380 381 383 385 386 387 391 395 396 403 406 412 415 416 417 418 419 420 422 424 427 430 431 433 436 437 438 439 443 444 445 446 449 454 456 457 458 459 462 463 464 466 467 468 469 470 471 472 473 474 475 476 479 483 486 488 493 494 496 498 500
67 31
68 40 130 69 71 75 77 78 81 84 85 88 89 91 93 94 96 98 100 101 102 107 108 110 112 113 118 119 120 122 125 259 133 134 136 137 139 140 141 147 151 158 159 161 163 167 172 173 181 182 183 186 187 188 189 193 195 201 202 204 206 207 209 211 214 215 217 218 223 224 227 235 236 240 241 242 243 244 245 249 251 252 253 255 256 263 264 266 271 273 283 284 289 291 293 295 301 302 304 306 308 310 313 316 317 318 319 320 322 326 328 330 333 335 338 340 341 342 343 350 352 353 354 361 362 363 364 369 370 379 380 381 383 385 387 391 396 403 406 412 415 416 418 419 420 422 424 427 430 433 437 438 439 443 445 446 449 454 456 457 463 464 466 469 470 471 473 474 475 476 479 486 488 493 494 496 498 500
69 82 71 75 77 78 84 85 88 89 93 94 98 100 102 107 108 110 113 119 120 122 133 134 136 137 139 147 151 159 161 167 172 173 181 183 186 187 195 202 204 206 207 209 214 215 217 218 223 227 235 240 241 242 243 244 245 251 253 255 256 263 264 271 273 284 291 293 295 301 302 306 310 316 317 319 322 326 330 335 340 341 343 350 352 353 354 363 369 370 379 380 381 383 385 396 403 406 412 416 418 419 420 422 427 430 433 438 439 443 445 454 457 466 469 470 471 474 475 479 493 494 498 500
70 53
71 59 130 75 77 78 81 84 85 88 89 91 93 94 96 98 100 101 102 107 108 110 112 113 119 120 122 125 259 133 134 136 137 139 140 147 151 158 159 161 163 167 172 173 181 183 186 187 188 189 193 195 202 204 206 207 209 211 214 215 217 218 223 224 227 235 240 241 242 243 244 245 249 251 253 255 256 263 264 271 273 283 284 291 293 295 301 302 304 306 308 310 313 316 317 318 319 322 326 328 330 335 338 340 341 343 350 352 353 354 362 363 364 369 370 379 380 381 383 385 391 396 403 406 412 415 416 418 419 420 422 424 427 430 433 438 439 443 445 446 449 454 457 463 464 466 469 470 471 473 474 475 476 479 486 488 493 494 496 498 500
72 57
73 31 84 88 89 100 107 113 137 139 167 235 243 244 251 271 291 293 310 317 322 343 350 380 381 383 418 438 457 469 479 498 500
74 82 84 85 88 89 100 102 107 113 133 137 139 147 167 186 187 195 207 215 227 235 243 244 251 256 263 264 271 273 291 293 310 317 322 326 335 343 350 354 379 380 381 383 385 418 420 422 427 430 438 454 457 469 474 479 494 498 500
75 72 130 77 78 81 84 85 88 89 91 93 94 96 98 100 101 102 107 108 110 112 113 116 118 119 120 122 124 125 259 133 134 136 137 139 140 141 147 151 158 159 161 163 167 168 172 173 181 182 183 186 187 188 189 193 195 201 202 204 206 207 209 211 214 215 216 217 218 219 223 224 227 235 236 240 241 242 243 244 245 249 250 251 252 253 255 256 263 264 266 271 273 283 284 289 291 293 295 300 301 302 304 306 308 310 313 316 317 318 319 320 322 326 328 330 333 335 338 340 341 342 343 350 352 353 354 361 362 363 364 369 370 379 380 381 383 385 387 391 396 403 406 412 415 416 418 419 420 422 424 427 430 433 436 437 438 439 443 445 446 449 454 456 457 463 464 466 469 470 471 473 474 475 476 479 486 488 493 494 496 498 500
76 38
77 69 130 78 81 84 85 88 89 91 93 94 96 98 100 101 102 107 108 110 112 113 116 118 119 120 122 124 125 259 133 134 136 137 139 140 141 147 151 158 159 161 163 167 168 172 173 181 182 183 186 187 188 189 193 195 201 202 204 206 207 209 211 214 215 216 217 218 219 223 224 226 227 235 236 240 241 242 243 244 245 249 250 251 252 253 255 256 263 264 266 271 273 283 284 289 291 293 295 300 301 302 304 306 308 310 313 316 317 318 319 320 322 326 328 330 333 335 338 340 341 342 343 350 352 353 354 360 361 362 363 364 369 370 379 380 381 383 385 387 391 396 403 406 412 415 416 418 419 420 422 424 427 430 433 436 437 438 439 443 445 446 449 454 456 457 463 464 466 469 470 471 473 474 475 476 479 486 488 493 494 496 498 500
78 53 130 84 85 88 89 91 93 94 96 98 100 101 102 107 108 110 113 119 120 122 133 134 136 137 139 147 151 158 159 161 163 167 172 173 181 183 186 187 189 193 195 202 204 206 207 209 214 215 217 218 223 224 227 235 240 241 242 243 244 245 251 253 255 256 263 264 271 273 283 284 291 293 295 301 302 304 306 308 310 313 316 317 319 322 326 328 330 335 338 340 341 343 350 352 353 354 363 369 370 379 380 381 383 385 391 396 403 406 412 415 416 418 419 420 422 427 430 433 438 439 443 445 446 454 457 463 464 466 469 470 471 474 475 479 486 493 494 496 498 500
79 74
80 79
81 97 84 85 88 89 94 98 100 102 107 108 113 119 120 122 133 134 136 137 139 147 159 161 167 172 173 183 186 187 195 202 204 206 207 209 214 215 217 218 227 235 241 242 243 244 251 253 255 256 263 264 271 273 284 291 293 295 301 302 306 310 316 317 319 322 326 330 335 343 350 352 353 354 369 370 379 380 381 383 385 396 403 412 416 418 419 420 422 427 430 433 438 439 443 445 454 457 466 469 470 471 474 475 479 493 494 498 500
82 42 84 85 88 89 100 107 113 137 139 167 187 215 227 235 243 244 251 256 263 264 271 273 291 293 310 317 322 326 335 343 350 380 381 383 385 418 430 438 457 469 474 479 494 498 500
83 49
84 74 130 85 88 89 91 93 94 96 98 100 101 102 107 108 110 112 113 116 118 119 120 122 124 125 128 259 132 133 134 136 137 139 140 141 143 144 147 150 151 158 159 160 161 163 167 168 169 170 172 173 175 181 182 183 184 186 187 188 189 190 191 193 195 196 198 201 202 203 204 206 207 208 209 210 211 212 214 215 216 217 218 219 222 223 224 226 227 231 235 236 238 240 241 242 243 244 245 248 249 250 251 252 253 254 255 256 263 264 265 266 268 271 273 274 278 280 283 284 285 289 291 293 295 297 300 301 302 304 305 306 308 310 312 313 316 317 318 319 320 322 326 327 328 329 330 333 334 335 338 339 340 341 342 343 344 350 352 353 354 355 360 361 362 363 364 369 370 372 376 379 380 381 383 385 386 387 391 395 396 403 406 412 415 416 417 418 419 420 422 424 427 430 431 433 436 437 438 439 443 444 445 446 449 454 456 457 458 459 462 463 464 466 467 468 469 470 471 473 474 475 476 479 486 488 493 494 496 498 500
85 86 130 88 89 91 93 94 96 98 100 101 102 107 108 110 112 113 116 118 119 120 122 124 125 128 259 132 133 134 136 137 139 140 141 147 150 151 158 159 160 161 163 167 168 172 173 175 181 182 183 184 186 187 188 189 190 191 193 195 201 202 204 206 207 208 209 211 212 214 215 216 217 218 219 223 224 226 227 231 235 236 240 241 242 243 244 245 248 249 250 251 252 253 254 255 256 263 264 265 266 268 271 273 280 283 284 289 291 293 295 297 300 301 302 304 306 308 310 312 313 316 317 318 319 320 322 326 328 330 333 335 338 339 340 341 342 343 344 350 352 353 354 355 360 361 362 363 364 369 370 379 380 381 383 385 387 391 395 396 403 406 412 415 416 417 418 419 420 422 424 427 430 431 433 436 437 438 439 443 444 445 446 449 454 456 457 458 462 463 464 466 469 470 471 473 474 475 476 479 486 488 493 494 496 498 500
86 37
87 89 113 167 418
88 63 130 89 91 93 94 96 98 100 101 102 107 108 110 112 113 116 118 119 120 122 124 125 128 259 132 133 134 136 137 139 140 141 143 144 147 150 151 158 159 160 161 163 167 168 169 170 172 173 175 181 182 183 184 186 187 188 189 190 191 193 195 196 198 201 202 203 204 206 207 208 209 210 211 212 214 215 216 217 218 219 222 223 224 226 227 231 235 236 238 240 241 242 243 244 245 248 249 250 251 252 253 254 255 256 263 264 265 266 268 271 273 274 278 280 283 284 285 289 291 293 295 297 300 301 302 304 305 306 308 310 312 313 316 317 318 319 320 322 326 327 328 330 333 334 335 338 339 340 341 342 343 344 350 352 353 354 355 360 361 362 363 364 369 370 372 376 379 380 381 383 385 386 387 391 395 396 403 406 412 415 416 417 418 419 420 422 424 427 430 431 433 436 437 438 439 443 444 445 446 449 454 456 457 458 459 462 463 464 466 467 469 470 471 473 474 475 476 479 486 488 493 494 496 498 500
89 75 130 91 93 94 96 98 100 101 102 107 108 110 112 113 116 118 119 120 122 124 125 128 259 132 133 134 136 137 139 140 141 143 147 150 151 158 159 160 161 163 167 168 172 173 175 181 182 183 184 186 187 188 189 190 191 193 195 198 201 202 204 206 207 208 209 210 211 212 214 215 216 217 218 219 223 224 226 227 231 235 236 238 240 241 242 243 244 245 248 249 250 251 252 253 254 255 256 263 264 265 266 268 271 273 278 280 283 284 285 289 291 293 295 297 300 301 302 304 306 308 310 312 313 316 317 318 319 320 322 326 328 330 333 335 338 339 340 341 342 343 344 350 352 353 354 355 360 361 362 363 364 369 370 376 379 380 381 383 385 387 391 395 396 403 406 412 415 416 417 418 419 420 422 424 427 430 431 433 436 437 438 439 443 444 445 446 449 454 456 457 458 459 462 463 464 466 469 470 471 473 474 475 476 479 486 488 493 494 496 498 500
90 84
91 38 93 94 98 100 102 107 108 110 113 119 120 122 133 134 136 137 139 147 151 159 161 167 172 173 181 183 186 187 195 202 204 206 207 209 214 215 217 218 223 227 235 240 241 242 243 244 245 251 253 255 256 263 264 271 273 284 291 293 295 301 302 306 310 316 317 319 322 326 330 335 340 341 343 350 352 353 354 363 369 370 379 380 381 383 385 396 403 406 412 416 418 419 420 422 427 430 433 438 439 443 445 454 457 466 469 470 471 474 475 479 493 494 498 500
92 42
93 59 130 94 96 98 100 101 102 107 108 110 113 119 120 122 133 134 136 137 139 147 151 158 159 161 163 167 172 173 181 183 186 187 189 193 195 202 204 206 207 209 214 215 217 218 223 224 227 235 240 241 242 243 244 245 251 253 255 256 263 264 271 273 283 284 291 293 295 301 302 304 306 308 310 313 316 317 319 322 326 328 330 335 338 340 341 343 350 352 353 354 363 369 370 379 380 381 383 385 391 396 403 406 412 415 416 418 419 420 422 427 430 433 438 439 443 445 446 454 457 463 464 466 469 470 471 474 475 479 486 493 494 496 498 500
94 80 130 96 98 100 101 102 107 108 110 112 113 118 119 120 122 125 259 133 134 136 137 139 140 141 147 151 158 159 161 163 167 172 173 181 182 183 186 187 188 189 193 195 201 202 204 206 207 209 211 214 215 217 218 223 224 227 235 236 240 241 242 243 244 245 249 251 253 255 256 263 264 271 273 283 284 291 293 295 301 302 304 306 308 310 313 316 317 318 319 322 326 328 330 335 338 340 341 342 343 350 352 353 354 362 363 364 369 370 379 380 381 383 385 387 391 396 403 406 412 415 416 418 419 420 422 424 427 430 433 438 439 443 445 446 449 454 457 463 464 466 469 470 471 473 474 475 476 479 486 488 493 494 496 498 500
95 23 100 113 139 167 244 310 317 322 343 350 380 418 457 469
96 20 98 100 102 107 108 113 119 120 122 133 134 136 137 139 147 159 161 167 172 173 183 186 187 195 202 204 206 207 209 214 215 217 218 227 235 241 242 243 244 251 253 255 256 263 264 271 273 284 291 293 295 301 302 306 310 316 317 319 322 326 330 335 343 350 352 353 354 369 370 379 380 381 383 385 396 403 412 416 418 419 420 422 427 430 433 438 439 443 445 454 457 466 469 470 471 474 475 479 493 494 498 500
97 95
98 46 130 100 101 102 107 108 110 112 113 118 119 120 122 125 259 133 134 136 137 139 140 147 151 158 159 161 163 167 172 173 181 182 183 186 187 188 189 193 195 201 202 204 206 207 209 211 214 215 217 218 223 224 227 235 236 240 241 242 243 244 245 249 251 253 255 256 263 264 271 273 283 284 291 293 295 301 302 304 306 308 310 313 316 317 318 319 322 326 328 330 335 338 340 341 342 343 350 352 353 354 362 363 364 369 370 379 380 381 383 385 387 391 396 403 406 412 415 416 418 419 420 422 424 427 430 433 438 439 443 445 446 449 454 457 463 464 466 469 470 471 473 474 475 476 479 486 488 493 494 496 498 500
99 98
100 97 130 101 102 107 108 110 112 113 116 118 119 120 122 124 125 128 259 132 133 134 136 137 139 140 141 143 144 147 150 151 153 158 159 160 161 163 167 168 169 170 172 173 175 181 182 183 184 186 187 188 189 190 191 193 195 196 198 201 202 203 204 206 207 208 209 210 211 212 214 215 216 217 218 219 221 222 223 224 226 227 231 235 236 238 240 241 242 243 244 245 248 249 250 251 252 253 254 255 256 263 264 265 266 268 271 273 274 278 280 283 284 285 289 291 293 295 297 300 301 302 304 305 306 308 310 312 313 316 317 318 319 320 322 323 326 327 328 329 330 333 334 335 338 339 340 341 342 343 344 350 352 353 354 355 360 361 362 363 364 369 370 372 374 376 379 380 381 383 385 386 387 391 395 396 403 406 412 415 416 417 418 419 420 422 424 427 430 431 433 436 437 438 439 443 444 445 446 449 454 456 457 458 459 462 463 464 466 467 468 469 470 471 472 473 474 475 476 479 483 486 488 493 494 496 498 500
101 64 102 107 108 110 113 119 120 122 133 134 136 137 139 147 151 158 159 161 167 172 173 181 183 186 187 195 202 204 206 207 209 214 215 217 218 223 224 227 235 240 241 242 243 244 245 251 253 255 256 263 264 271 273 284 291 293 295 301 302 304 306 308 310 316 317 319 322 326 330 335 338 340 341 343 350 352 353 354 363 369 370 379 380 381 383 385 396 403 406 412 416 418 419 420 422 427 430 433 438 439 443 445 454 457 464 466 469 470 471 474 475 479 486 493 494 496 498 500
102 66 130 107 108 110 112 113 116 118 119 120 122 124 125 128 259 132 133 134 136 137 139 140 141 147 151 158 159 161 163 167 168 172 173 181 182 183 186 187 188 189 190 191 193 195 201 202 204 206 207 209 211 212 214 215 216 217 218 219 223 224 226 227 231 235 236 240 241 242 243 244 245 248 249 250 251 252 253 255 256 263 264 265 266 268 271 273 283 284 289 291 293 295 297 300 301 302 304 306 308 310 313 316 317 318 319 320 322 326 328 330 333 335 338 340 341 342 343 350 352 353 354 360 361 362 363 364 369 370 379 380 381 383 385 387 391 395 396 403 406 412 415 416 417 418 419 420 422 424 427 430 433 436 437 438 439 443 445 446 449 454 456 457 458 463 464 466 469 470 471 473 474 475 476 479 486 488 493 494 496 498 500
103 84
104 24
105 25
106 20
107 68 130 108 110 112 113 116 118 119 120 122 124 125 128 259 132 133 134 136 137 139 140 141 143 144 147 150 151 158 159 160 161 163 167 168 169 170 172 173 175 181 182 183 184 186 187 188 189 190 191 193 195 196 198 201 202 203 204 206 207 208 209 210 211 212 214 215 216 217 218 219 222 223 224 226 227 231 235 236 238 240 241 242 243 244 245 248 249 250 251 252 253 254 255 256 263 264 265 266 268 271 273 274 278 280 283 284 285 289 291 293 295 297 300 301 302 304 305 306 308 310 312 313 316 317 318 319 320 322 326 327 328 329 330 333 334 335 338 339 340 341 342 343 344 350 352 353 354 355 360 361 362 363 364 369 370 372 376 379 380 381 383 385 386 387 391 395 396 403 406 412 415 416 417 418 419 420 422 424 427 430 431 433 436 437 438 439 443 444 445 446 449 454 456 457 458 459 462 463 464 466 467 468 469 470 471 473 474 475 476 479 483 486 488 493 494 496 498 500
108 32 130 110 112 113 118 119 120 122 125 259 133 134 136 137 139 140 141 147 151 158 159 161 163 167 172 173 181 182 183 186 187 188 189 193 195 201 202 204 206 207 209 211 214 215 217 218 223 224 227 235 236 240 241 242 243 244 245 249 251 253 255 256 263 264 271 273 283 284 291 293 295 301 302 304 306 308 310 313 316 317 318 319 322 326 328 330 335 338 340 341 342 343 350 352 353 354 362 363 364 369 370 379 380 381 383 385 387 391 396 403 406 412 415 416 418 419 420 422 424 427 430 433 438 439 443 445 446 449 454 457 463 464 466 469 470 471 473 474 475 476 479 486 488 493 494 496 498 500
109 38
110 48 113 119 120 122 133 134 136 137 139 147 151 158 159 161 167 172 173 181 183 186 187 195 202 204 206 207 209 214 215 217 218 223 224 227 235 240 241 242 243 244 245 251 253 255 256 263 264 271 273 284 291 293 295 301 302 304 306 308 310 313 316 317 319 322 326 330 335 338 340 341 343 350 352 353 354 363 369 370 379 380 381 383 385 396 403 406 412 416 418 419 420 422 427 430 433 438 439 443 445 454 457 464 466 469 470 471 474 475 479 486 493 494 496 498 500
111 27
112 74 113 120 133 134 136 137 139 147 161 167 172 173 183 186 187 195 202 204 206 207 209 214 215 218 227 235 241 243 244 251 256 263 264 271 273 284 291 293 295 306 310 317 319 322 326 330 335 343 350 352 353 354 379 380 381 383 385 396 403 416 418 419 420 422 427 430 433 438 454 457 469 470 474 475 479 493 494 498 500
113 86 130 116 117 118 119 120 122 124 125 128 259 132 133 134 136 137 139 140 141 143 144 147 150 151 153 158 159 160 161 163 167 168 169 170 172 173 175 181 182 183 184 186 187 188 189 190 191 193 195 196 198 201 202 203 204 206 207 208 209 210 211 212 214 215 216 217 218 219 221 222 223 224 226 227 231 235 236 238 240 241 242 243 244 245 248 249 250 251 252 253 254 255 256 263 264 265 266 268 271 273 274 275 278 280 283 284 285 289 291 293 295 297 300 301 302 304 305 306 308 310 312 313 316 317 318 319 320 322 323 326 327 328 329 330 333 334 335 338 339 340 341 342 343 344 350 352 353 354 355 360 361 362 363 364 369 370 372 374 376 379 380 381 383 385 386 387 390 391 392 395 396 403 406 412 415 416 417 418 419 420 422 424 427 430 431 433 436 437 438 439 443 444 445 446 449 454 456 457 458 459 462 463 464 466 467 468 469 470 471 472 473 474 475 476 479 483 486 488 493 494 496 498 500
114 54
115 81
116 73 120 133 136 137 139 147 167 186 187 195 204 207 215 218 227 235 241 243 244 251 256 263 264 271 273 291 293 295 310 317 322 326 335 343 350 352 354 379 380 381 383 385 396 418 420 422 427 430 438 454 457 469 470 474 479 493 494 498 500
117 77 167 418
118 40 120 133 136 137 139 147 167 172 183 186 187 195 202 204 206 207 209 214 215 218 227 235 241 243 244 251 256 263 264 271 273 291 293 295 306 310 317 322 326 330 335 343 350 352 354 379 380 381 383 385 396 416 418 419 420 422 427 430 433 438 454 457 469 470 474 479 493 494 498 500
119 48 130 120 122 125 259 133 134 136 137 139 140 147 151 158 159 161 163 167 172 173 181 183 186 187 189 193 195 202 204 206 207 209 214 215 217 218 223 224 227 235 240 241 242 243 244 245 251 253 255 256 263 264 271 273 283 284 291 293 295 301 302 304 306 308 310 313 316 317 319 322 326 328 330 335 338 340 341 343 350 352 353 354 363 364 369 370 379 380 381 383 385 391 396 403 406 412 415 416 418 419 420 422 427 430 433 438 439 443 445 446 454 457 463 464 466 469 470 471 473 474 475 476 479 486 488 493 494 496 498 500
120 81 130 122 124 125 259 132 133 134 136 137 139 140 141 147 151 158 159 161 163 167 168 172 173 181 182 183 186 187 188 189 190 193 195 201 202 204 206 207 209 211 214 215 216 217 218 219 223 224 226 227 231 235 236 240 241 242 243 244 245 248 249 250 251 252 253 255 256 263 264 265 266 268 271 273 283 284 289 291 293 295 300 301 302 304 306 308 310 313 316 317 318 319 320 322 326 328 330 333 335 338 340 341 342 343 350 352 353 354 360 361 362 363 364 369 370 379 380 381 383 385 387 391 395 396 403 406 412 415 416 417 418 419 420 422 424 427 430 433 436 437 438 439 443 445 446 449 454 456 457 458 463 464 466 469 470 471 473 474 475 476 479 486 488 493 494 496 498 500
121 86
122 59 130 125 133 134 136 137 139 147 151 158 159 161 163 167 172 173 181 183 186 187 189 193 195 202 204 206 207 209 214 215 217 218 223 224 227 235 240 241 242 243 244 245 251 253 255 256 263 264 271 273 283 284 291 293 295 301 302 304 306 308 310 313 316 317 319 322 326 328 330 335 338 340 341 343 350 352 353 354 363 364 369 370 379 380 381 383 385 391 396 403 406 412 415 416 418 419 420 422 427 430 433 438 439 443 445 446 454 457 463 464 466 469 470 471 473 474 475 476 479 486 493 494 496 498 500
123 87
124 60 133 136 137 139 147 167 172 186 187 195 204 207 215 218 227 235 241 243 244 251 256 263 264 271 273 291 293 295 310 317 322 326 335 343 350 352 354 379 380 381 383 385 396 418 420 422 427 430 433 438 454 457 469 470 474 479 493 494 498 500
125 27 133 134 136 137 139 147 159 161 167 172 173 183 186 187 195 202 204 206 207 209 214 215 218 227 235 241 242 243 244 251 253 255 256 263 264 271 273 284 291 293 295 301 302 306 310 316 317 319 322 326 330 335 343 350 352 353 354 369 370 379 380 381 383 385 396 403 412 416 418 419 420 422 427 430 433 438 439 443 445 454 457 466 469 470 471 474 475 479 493 494 498 500
126 81
127 22
128 29 133 137 139 147 167 186 187 195 207 215 227 235 243 244 251 256 263 264 271 273 291 293 310 317 322 326 335 343 350 379 380 381 383 385 418 420 422 427 430 438 454 457 469 474 479 494 498 500
129 62 418
130 41 133 134 136 137 139 147 159 161 167 172 173 183 186 187 195 202 204 206 207 209 214 215 217 218 223 227 235 241 242 243 244 245 251 253 255 256 263 264 271 273 284 291 293 295 301 302 306 310 316 317 319 322 326 330 335 340 343 350 352 353 354 363 369 370 379 380 381 383 385 396 403 412 416 418 419 420 422 427 430 433 438 439 443 445 454 457 466 469 470 471 474 475 479 493 494 498 500
131 76
132 57 133 136 137 139 147 167 186 187 195 207 215 218 227 235 243 244 251 256 263 264 271 273 291 293 295 310 317 322 326 335 343 350 354 379 380 381 383 385 418 420 422 427 430 438 454 457 469 474 479 493 494 498 500
133 31 259 134 136 137 139 140 141 147 151 158 159 161 163 167 168 172 173 181 182 183 186 187 188 189 190 191 193 195 201 202 204 206 207 209 211 212 214 215 216 217 218 219 223 224 226 227 231 235 236 240 241 242 243 244 245 248 249 250 251 252 253 255 256 263 264 265 266 268 271 273 283 284 289 291 293 295 297 300 301 302 304 306 308 310 313 316 317 318 319 320 322 326 328 330 333 335 338 339 340 341 342 343 350 352 353 354 355 360 361 362 363 364 369 370 379 380 381 383 385 387 391 395 396 403 406 412 415 416 417 418 419 420 422 424 427 430 433 436 437 438 439 443 445 446 449 454 456 457 458 463 464 466 469 470 471 473 474 475 476 479 486 488 493 494 496 498 500
134 79 259 136 137 139 140 147 151 158 159 161 163 167 172 173 181 183 186 187 189 193 195 202 204 206 207 209 214 215 217 218 223 224 227 235 240 241 242 243 244 245 251 253 255 256 263 264 271 273 283 284 291 293 295 301 302 304 306 308 310 313 316 317 319 322 326 328 330 335 338 340 341 343 350 352 353 354 362 363 364 369 370 379 380 381 383 385 391 396 403 406 412 415 416 418 419 420 422 427 430 433 438 439 443 445 446 454 457 463 464 466 469 470 471 473 474 475 476 479 486 488 493 494 496 498 500
135 30
136 83 259 137 139 140 141 147 151 158 159 161 163 167 168 172 173 181 182 183 186 187 188 189 190 193 195 201 202 204 206 207 209 211 214 215 216 217 218 219 223 224 226 227 231 235 236 240 241 242 243 244 245 248 249 250 251 252 253 255 256 263 264 265 266 268 271 273 283 284 289 291 293 295 300 301 302 304 306 308 310 313 316 317 318 319 320 322 326 328 330 333 335 338 340 341 342 343 350 352 353 354 360 361 362 363 364 369 370 379 380 381 383 385 387 391 395 396 403 406 412 415 416 417 418 419 420 422 424 427 430 433 436 437 438 439 443 445 446 449 454 456 457 458 463 464 466 469 470 471 473 474 475 476 479 486 488 493 494 496 498 500
137 29 259 139 140 141 143 144 147 150 151 158 159 160 161 163 167 168 169 170 172 173 175 181 182 183 184 186 187 188 189 190 191 193 195 196 198 201 202 203 204 206 207 208 209 210 211 212 214 215 216 217 218 219 222 223 224 226 227 231 235 236 238 240 241 242 243 244 245 248 249 250 251 252 253 254 255 256 263 264 265 266 268 271 273 274 278 280 283 284 285 289 291 293 295 297 300 301 302 304 305 306 308 310 312 313 316 317 318 319 320 322 326 327 328 330 333 334 335 338 339 340 341 342 343 344 350 352 353 354 355 360 361 362 363 364 369 370 372 376 379 380 381 383 385 386 387 391 395 396 403 406 412 415 416 417 418 419 420 422 424 427 430 431 433 436 437 438 439 443 444 445 446 449 454 456 457 458 459 462 463 464 466 467 469 470 471 473 474 475 476 479 486 488 493 494 496 498 500
138 65
139 97 259 140 141 143 144 147 150 151 158 159 160 161 163 167 168 169 170 172 173 175 181 182 183 184 186 187 188 189 190 191 193 195 196 198 201 202 203 204 206 207 208 209 210 211 212 214 215 216 217 218 219 222 223 224 226 227 231 235 236 238 240 241 242 243 244 245 248 249 250 251 252 253 254 255 256 263 264 265 266 268 271 273 274 278 280 283 284 285 289 291 293 295 297 300 301 302 304 305 306 308 310 312 313 316 317 318 319 320 322 326 327 328 329 330 333 334 335 338 339 340 341 342 343 344 350 352 353 354 355 360 361 362 363 364 369 370 372 376 379 380 381 383 385 386 387 391 395 396 403 406 412 415 416 417 418 419 420 422 424 427 430 431 433 436 437 438 439 443 444 445 446 449 454 456 457 458 459 462 463 464 466 467 468 469 470 471 472 473 474 475 476 479 483 486 488 493 494 496 498 500
140 49 147 159 161 167 172 173 183 186 187 195 202 204 206 207 209 214 215 218 227 235 241 243 244 251 253 255 256 263 264 271 273 284 291 293 295 302 306 310 316 317 319 322 326 330 335 343 350 352 353 354 379 380 381 383 385 396 403 416 418 419 420 422 427 430 433 438 454 457 469 470 471 474 475 479 493 494 498 500
141 52 147 167 172 186 187 195 202 204 207 209 215 218 227 235 241 243 244 251 256 263 264 271 273 291 293 295 306 310 317 322 326 335 343 350 352 354 379 380 381 383 385 396 416 418 419 420 422 427 430 433 438 454 457 469 470 474 479 493 494 498 500
142 42
143 20 167 187 235 243 244 251 263 271 291 293 310 317 322 343 350 380 381 383 385 418 438 457 469 479 494 498 500
144 85 167 235 244 291 310 317 322 343 350 380 418 457 469 498
145 89
146 93
147 39 259 151 158 159 161 163 167 168 172 173 181 182 183 184 186 187 188 189 190 191 193 195 201 202 204 206 207 209 211 212 214 215 216 217 218 219 223 224 226 227 231 235 236 240 241 242 243 244 245 248 249 250 251 252 253 255 256 263 264 265 266 268 271 273 283 284 289 291 293 295 297 300 301 302 304 306 308 310 313 316 317 318 319 320 322 326 328 330 333 335 338 339 340 341 342 343 350 352 353 354 355 360 361 362 363 364 369 370 379 380 381 383 385 387 391 395 396 403 406 412 415 416 417 418 419 420 422 424 427 430 431 433 436 437 438 439 443 445 446 449 454 456 457 458 463 464 466 469 470 471 473 474 475 476 479 486 488 493 494 496 498 500
148 29
149 33
150 21 167 186 187 207 215 227 235 243 244 251 256 263 264 271 273 291 293 310 317 322 326 335 343 350 380 381 383 385 418 430 438 457 469 474 479 494 498 500
151 26 158 159 161 167 172 173 181 183 186 187 195 202 204 206 207 209 214 215 217 218 223 224 227 235 240 241 242 243 244 245 251 253 255 256 263 264 271 273 284 291 293 295 301 302 304 306 308 310 313 316 317 319 322 326 330 335 338 340 341 343 350 352 353 354 363 369 370 379 380 381 383 385 396 403 406 412 416 418 419 420 422 427 430 433 438 439 443 445 454 457 464 466 469 470 471 474 475 479 486 493 494 496 498 500
152 73
153 28 167 317 322 343 350 418 457
154 28
155 38
156 33
157 96
158 50 159 161 167 172 173 181 183 186 187 195 202 204 206 207 209 214 215 217 218 223 224 227 235 240 241 242 243 244 245 251 253 255 256 263 264 271 273 284 291 293 295 301 302 306 308 310 316 317 319 322 326 330 335 338 340 341 343 350 352 353 354 363 369 370 379 380 381 383 385 396 403 406 412 416 418 419 420 422 427 430 433 438 439 443 445 454 457 464 466 469 470 471 474 475 479 493 494 496 498 500
159 73 259 161 163 167 172 173 181 183 186 187 189 193 195 202 204 206 207 209 214 215 217 218 223 224 227 235 240 241 242 243 244 245 251 253 255 256 263 264 271 273 283 284 291 293 295 301 302 304 306 308 310 313 316 317 319 322 326 328 330 335 338 340 341 343 350 352 353 354 363 364 369 370 379 380 381 383 385 391 396 403 406 412 415 416 418 419 420 422 427 430 433 438 439 443 445 446 454 457 463 464 466 469 470 471 473 474 475 476 479 486 488 493 494 496 498 500
160 53 167 187 235 243 244 251 263 271 291 293 310 317 322 343 350 380 381 383 385 418 438 457 469 474 479 494 498 500
161 31 259 163 167 172 173 181 183 186 187 188 189 193 195 202 204 206 207 209 211 214 215 217 218 223 224 227 235 240 241 242 243 244 245 249 251 253 255 256 263 264 271 273 283 284 291 293 295 301 302 304 306 308 310 313 316 317 318 319 322 326 328 330 335 338 340 341 343 350 352 353 354 362 363 364 369 370 379 380 381 383 385 387 391 396 403 406 412 415 416 418 419 420 422 424 427 430 433 438 439 443 445 446 449 454 457 463 464 466 469 470 471 473 474 475 476 479 486 488 493 494 496 498 500
162 100
163 27 167 172 173 183 186 187 195 202 204 206 207 209 214 215 217 218 227 235 241 242 243 244 251 253 255 256 263 264 271 273 284 291 293 295 301 302 306 310 316 317 319 322 326 330 335 343 350 352 353 354 369 370 379 380 381 383 385 396 403 412 416 418 419 420 422 427 430 433 438 439 443 445 454 457 466 469 470 471 474 475 479 493 494 498 500
164 85
165 37
166 42
167 79 259 168 169 170 172 173 175 181 182 183 184 186 187 188 189 190 191 193 195 196 198 201 202 203 204 206 207 208 209 210 211 212 214 215 216 217 218 219 221 222 223 224 226 227 231 235 236 238 240 241 242 243 244 245 248 249 250 251 252 253 254 255 256 263 264 265 266 268 271 273 274 275 278 280 283 284 285 289 291 293 295 297 300 301 302 304 305 306 308 310 312 313 316 317 318 319 320 322 323 326 327 328 329 330 333 334 335 338 339 340 341 342 343 344 350 352 353 354 355 356 360 361 362 363 364 369 370 372 374 376 379 380 381 383 385 386 387 390 391 392 395 396 403 406 412 415 416 417 418 419 420 422 424 427 430 431 433 436 437 438 439 443 444 445 446 449 454 456 457 458 459 462 463 464 466 467 468 469 470 471 472 473 474 475 476 479 483 486 488 493 494 496 498 500
168 60 172 186 187 195 204 207 215 218 227 235 241 243 244 251 256 263 264 271 273 291 293 295 310 317 322 326 335 343 350 352 354 379 380 381 383 385 396 418 420 422 427 430 433 438 454 457 469 470 474 479 493 494 498 500
169 95 235 243 244 271 291 293 310 317 322 343 350 380 381 383 418 438 457 469 479 498 500
170 21 235 243 244 271 291 293 310 317 322 343 350 380 381 383 418 438 457 469 479 498 500
171 87
172 34 259 173 181 182 183 186 187 188 189 193 195 201 202 204 206 207 209 211 214 215 217 218 219 223 224 227 235 236 240 241 242 243 244 245 249 250 251 252 253 255 256 263 264 266 271 273 283 284 289 291 293 295 301 302 304 306 308 310 313 316 317 318 319 320 322 326 328 330 333 335 338 340 341 342 343 350 352 353 354 361 362 363 364 369 370 379 380 381 383 385 387 391 396 403 406 412 415 416 418 419 420 422 424 427 430 433 436 437 438 439 443 445 446 449 454 456 457 463 464 466 469 470 471 473 474 475 476 479 486 488 493 494 496 498 500
173 46 259 181 183 186 187 188 189 193 195 202 204 206 207 209 211 214 215 217 218 223 224 227 235 240 241 242 243 244 245 249 251 253 255 256 263 264 271 273 283 284 291 293 295 301 302 304 306 308 310 313 316 317 318 319 322 326 328 330 335 338 340 341 343 350 352 353 354 362 363 364 369 370 379 380 381 383 385 391 396 403 406 412 415 416 418 419 420 422 424 427 430 433 438 439 443 445 446 449 454 457 463 464 466 469 470 471 473 474 475 476 479 486 488 493 494 496 498 500
174 88
175 57 187 215 227 235 243 244 251 256 263 264 271 273 291 293 310 317 322 326 335 343 350 380 381 383 385 418 430 438 457 469 474 479 494 498 500
176 41
177 66
178 38
179 79
180 27
181 85 183 186 187 195 202 204 206 207 209 214 215 217 218 223 224 227 235 240 241 242 243 244 245 251 253 255 256 263 264 271 273 284 291 293 295 301 302 304 306 308 310 313 316 317 319 322 326 330 335 338 340 341 343 350 352 353 354 363 369 370 379 380 381 383 385 396 403 406 412 416 418 419 420 422 427 430 433 438 439 443 445 454 457 464 466 469 470 471 474 475 479 486 493 494 496 498 500
182 72 186 187 195 202 204 206 207 209 214 215 218 227 235 241 243 244 251 256 263 264 271 273 291 293 295 306 310 317 322 326 330 335 343 350 352 354 379 380 381 383 385 396 416 418 419 420 422 427 430 433 438 454 457 469 470 474 479 493 494 498 500
183 83 259 186 187 188 189 193 195 201 202 204 206 207 209 211 214 215 217 218 223 224 227 235 236 240 241 242 243 244 245 249 251 253 255 256 263 264 271 273 283 284 291 293 295 301 302 304 306 308 310 313 316 317 318 319 322 326 328 330 335 338 340 341 342 343 350 352 353 354 362 363 364 369 370 379 380 381 383 385 387 391 396 403 406 412 415 416 418 419 420 422 424 427 430 433 438 439 443 445 446 449 454 457 463 464 466 469 470 471 473 474 475 476 479 486 488 493 494 496 498 500
184 82 186 187 207 215 227 235 243 244 251 256 263 264 271 273 291 293 310 317 322 326 335 343 350 380 381 383 385 418 422 430 438 457 469 474 479 494 498 500
185 94
186 56 259 187 188 189 190 191 193 195 201 202 204 206 207 209 211 212 214 215 216 217 218 219 223 224 226 227 231 235 236 240 241 242 243 244 245 248 249 250 251 252 253 255 256 263 264 265 266 268 271 273 280 283 284 289 291 293 295 297 300 301 302 304 306 308 310 313 316 317 318 319 320 322 326 328 330 333 335 338 339 340 341 342 343 350 352 353 354 355 360 361 362 363 364 369 370 379 380 381 383 385 387 391 395 396 403 406 412 415 416 417 418 419 420 422 424 427 430 431 433 436 437 438 439 443 445 446 449 454 456 457 458 463 464 466 469 470 471 473 474 475 476 479 486 488 493 494 496 498 500
187 24 259 188 189 190 191 193 195 201 202 204 206 207 208 209 211 212 214 215 216 217 218 219 223 224 226 227 231 235 236 240 241 242 243 244 245 248 249 250 251 252 253 254 255 256 263 264 265 266 268 271 273 280 283 284 289 291 293 295 297 300 301 302 304 306 308 310 312 313 316 317 318 319 320 322 326 328 330 333 335 338 339 340 341 342 343 344 350 352 353 354 355 360 361 362 363 364 369 370 376 379 380 381 383 385 387 391 395 396 403 406 412 415 416 417 418 419 420 422 424 427 430 431 433 436 437 438 439 443 444 445 446 449 454 456 457 458 459 462 463 464 466 469 470 471 473 474 475 476 479 486 488 493 494 496 498 500
188 83 195 202 204 206 207 209 214 215 218 227 235 241 243 244 251 256 263 264 271 273 291 293 295 306 310 317 319 322 326 330 335 343 350 352 354 379 380 381 383 385 396 403 416 418 419 420 422 427 430 433 438 454 457 469 470 474 475 479 493 494 498 500
189 32 195 202 204 206 207 209 214 215 217 218 223 227 235 241 242 243 244 245 251 253 255 256 263 264 271 273 284 291 293 295 301 302 306 310 316 317 319 322 326 330 335 340 341 343 350 352 353 354 363 369 370 379 380 381 383 385 396 403 412 416 418 419 420 422 427 430 433 438 439 443 445 454 457 466 469 470 471 474 475 479 493 494 498 500
190 49 195 207 215 227 235 243 244 251 256 263 264 271 273 291 293 295 310 317 322 326 335 343 350 354 379 380 381 383 385 418 420 422 427 430 438 454 457 469 474 479 493 494 498 500
191 78 195 207 215 227 235 243 244 251 256 263 264 271 273 291 293 310 317 322 326 335 343 350 354 379 380 381 383 385 418 420 422 427 430 438 454 457 469 474 479 493 494 498 500
192 30
193 33 195 202 204 206 207 209 214 215 217 218 227 235 241 242 243 244 251 253 255 256 263 264 271 273 284 291 293 295 301 302 306 310 316 317 319 322 326 330 335 343 350 352 353 354 369 370 379 380 381 383 385 396 403 412 416 418 419 420 422 427 430 433 438 439 443 445 454 457 466 469 470 471 474 475 479 493 494 498 500
194 50
195 37 259 201 202 204 206 207 209 211 212 214 215 216 217 218 219 223 224 226 227 231 235 236 240 241 242 243 244 245 248 249 250 251 252 253 255 256 263 264 265 266 268 271 273 283 284 289 291 293 295 297 300 301 302 304 306 308 310 313 316 317 318 319 320 322 326 328 330 333 335 338 339 340 341 342 343 350 352 353 354 355 360 361 362 363 364 369 370 379 380 381 383 385 387 391 395 396 403 406 412 415 416 417 418 419 420 422 424 427 430 431 433 436 437 438 439 443 445 446 449 454 456 457 458 463 464 466 469 470 471 473 474 475 476 479 486 488 493 494 496 498 500
196 49 235 244 271 291 293 310 317 322 343 350 380 381 383 418 438 457 469 479 498 500
197 25
198 44 235 243 244 251 271 291 293 310 317 322 343 350 380 381 383 385 418 438 457 469 479 498 500
199 86
200 22
201 54 202 204 206 207 209 214 215 218 227 235 241 243 244 251 256 263 264 271 273 291 293 295 306 310 317 322 326 330 335 343 350 352 354 379 380 381 383 385 396 416 418 419 420 422 427 430 433 438 454 457 469 470 474 479 493 494 498 500
202 38 259 204 206 207 209 211 214 215 217 218 223 224 227 235 236 240 241 242 243 244 245 249 251 253 255 256 263 264 271 273 283 284 291 293 295 301 302 304 306 308 310 313 316 317 318 319 320 322 326 328 330 335 338 340 341 342 343 350 352 353 354 361 362 363 364 369 370 379 380 381 383 385 387 391 396 403 406 412 415 416 418 419 420 422 424 427 430 433 438 439 443 445 446 449 454 457 463 464 466 469 470 471 473 474 475 476 479 486 488 493 494 496 498 500
203 81 235 244 291 310 317 322 343 350 380 381 418 457 469 498
204 77 259 206 207 209 211 214 215 216 217 218 219 223 224 226 227 235 236 240 241 242 243 244 245 249 250 251 252 253 255 256 263 264 266 271 273 283 284 289 291 293 295 300 301 302 304 306 308 310 313 316 317 318 319 320 322 326 328 330 333 335 338 340 341 342 343 350 352 353 354 361 362 363 364 369 370 379 380 381 383 385 387 391 396 403 406 412 415 416 418 419 420 422 424 427 430 433 436 437 438 439 443 445 446 449 454 456 457 463 464 466 469 470 471 473 474 475 476 479 486 488 493 494 496 498 500
205 39
206 47 259 207 209 211 214 215 217 218 223 224 227 235 236 240 241 242 243 244 245 249 251 253 255 256 263 264 271 273 283 284 291 293 295 301 302 304 306 308 310 313 316 317 318 319 322 326 328 330 335 338 340 341 342 343 350 352 353 354 362 363 364 369 370 379 380 381 383 385 387 391 396 403 406 412 415 416 418 419 420 422 424 427 430 433 438 439 443 445 446 449 454 457 463 464 466 469 470 471 473 474 475 476 479 486 488 493 494 496 498 500
207 22 259 209 211 212 214 215 216 217 218 219 223 224 226 227 231 235 236 240 241 242 243 244 245 248 249 250 251 252 253 255 256 263 264 265 266 268 271 273 280 283 284 289 291 293 295 297 300 301 302 304 306 308 310 313 316 317 318 319 320 322 326 328 330 333 335 338 339 340 341 342 343 350 352 353 354 355 360 361 362 363 364 369 370 379 380 381 383 385 387 391 395 396 403 406 412 415 416 417 418 419 420 422 424 427 430 431 433 436 437 438 439 443 445 446 449 454 456 457 458 463 464 466 469 470 471 473 474 475 476 479 486 488 493 494 496 498 500
208 51 215 235 243 244 251 256 263 271 291 293 310 317 322 343 350 380 381 383 385 418 438 457 469 474 479 494 498 500
209 40 259 211 214 215 217 218 223 224 227 235 236 240 241 242 243 244 245 249 251 252 253 255 256 263 264 266 271 273 283 284 289 291 293 295 301 302 304 306 308 310 313 316 317 318 319 320 322 326 328 330 335 338 340 341 342 343 350 352 353 354 361 362 363 364 369 370 379 380 381 383 385 387 391 396 403 406 412 415 416 418 419 420 422 424 427 430 433 437 438 439 443 445 446 449 454 456 457 463 464 466 469 470 471 473 474 475 476 479 486 488 493 494 496 498 500
210 70 235 243 244 251 271 291 293 310 317 322 343 350 380 381 383 385 418 438 457 469 479 494 498 500
211 83 214 215 218 227 235 241 243 244 251 256 263 264 271 273 291 293 295 306 310 317 319 322 326 330 335 343 350 352 354 379 380 381 383 385 396 403 416 418 419 420 422 427 430 433 438 454 457 469 470 474 475 479 493 494 498 500
212 86 215 227 235 243 244 251 256 263 264 271 273 291 293 310 317 322 326 335 343 350 354 379 380 381 383 385 418 420 422 427 430 438 454 457 469 474 479 493 494 498 500
213 69
214 73 259 215 217 218 223 224 227 235 236 240 241 242 243 244 245 249 251 253 255 256 263 264 271 273 283 284 291 293 295 301 302 304 306 308 310 313 316 317 318 319 322 326 328 330 335 338 340 341 342 343 350 352 353 354 362 363 364 369 370 379 380 381 383 385 387 391 396 403 406 412 415 416 418 419 420 422 424 427 430 433 438 439 443 445 446 449 454 457 463 464 466 469 470 471 473 474 475 476 479 486 488 493 494 496 498 500
215 31 259 216 217 218 219 223 224 226 227 231 235 236 240 241 242 243 244 245 248 249 250 251 252 253 254 255 256 263 264 265 266 268 271 273 280 283 284 289 291 293 295 297 300 301 302 304 306 308 310 312 313 316 317 318 319 320 322 326 328 330 333 335 338 339 340 341 342 343 344 350 352 353 354 355 360 361 362 363 364 369 370 379 380 381 383 385 387 391 395 396 403 406 412 415 416 417 418 419 420 422 424 427 430 431 433 436 437 438 439 443 445 446 449 454 456 457 458 463 464 466 469 470 471 473 474 475 476 479 486 488 493 494 496 498 500
216 80 218 227 235 241 243 244 251 256 263 264 271 273 291 293 295 310 317 322 326 335 343 350 352 354 379 380 381 383 385 396 418 420 422 427 430 438 454 457 469 470 474 479 493 494 498 500
217 84 218 223 224 227 235 240 241 242 243 244 245 251 253 255 256 263 264 271 273 283 284 291 293 295 301 302 304 306 308 310 313 316 317 319 322 326 328 330 335 338 340 341 343 350 352 353 354 363 364 369 370 379 380 381 383 385 391 396 403 406 412 415 416 418 419 420 422 427 430 433 438 439 443 445 446 454 457 463 464 466 469 470 471 473 474 475 479 486 493 494 496 498 500
218 70 259 219 223 224 226 227 231 235 236 240 241 242 243 244 245 248 249 250 251 252 253 255 256 263 264 265 266 268 271 273 283 284 289 291 293 295 300 301 302 304 306 308 310 313 316 317 318 319 320 322 326 328 330 333 335 338 340 341 342 343 350 352 353 354 360 361 362 363 364 369 370 379 380 381 383 385 387 391 395 396 403 406 412 415 416 417 418 419 420 422 424 427 430 433 436 437 438 439 443 445 446 449 454 456 457 458 463 464 466 469 470 471 473 474 475 476 479 486 488 493 494 496 498 500
219 55 227 235 241 243 244 251 256 263 264 271 273 291 293 295 310 317 322 326 335 343 350 352 354 379 380 381 383 385 396 418 420 422 427 430 433 438 454 457 469 470 474 479 493 494 498 500
220 68
221 27 310 317 322 343 350 418 457 469
222 25 235 244 291 293 310 317 322 343 350 380 381 383 418 438 457 469 498 500
223 25 224 227 235 240 241 242 243 244 245 251 253 255 256 263 264 271 273 284 291 293 295 301 302 304 306 308 310 313 316 317 319 322 326 330 335 338 340 341 343 350 352 353 354 363 369 370 379 380 381 383 385 391 396 403 406 412 415 416 418 419 420 422 427 430 433 438 439 443 445 446 454 457 463 464 466 469 470 471 474 475 479 486 493 494 496 498 500
224 27 227 235 240 241 242 243 244 245 251 253 255 256 263 264 271 273 284 291 293 295 301 302 304 306 308 310 316 317 319 322 326 330 335 338 340 341 343 350 352 353 354 363 369 370 379 380 381 383 385 396 403 406 412 416 418 419 420 422 427 430 433 438 439 443 445 454 457 464 466 469 470 471 474 475 479 486 493 494 496 498 500
225 48
226 30 227 235 241 243 244 251 256 263 264 271 273 291 293 295 310 317 322 326 335 343 350 352 354 379 380 381 383 385 396 418 420 422 427 430 438 454 457 469 470 474 479 493 494 498 500
227 83 259 231 235 236 240 241 242 243 244 245 248 249 250 251 252 253 254 255 256 263 264 265 266 268 271 273 280 283 284 289 291 293 295 297 300 301 302 304 306 308 310 313 316 317 318 319 320 322 326 328 330 333 335 338 339 340 341 342 343 350 352 353 354 355 360 361 362 363 364 369 370 379 380 381 383 385 387 391 395 396 403 406 412 415 416 417 418 419 420 422 424 427 430 431 433 436 437 438 439 443 445 446 449 454 456 457 458 463 464 466 469 470 471 473 474 475 476 479 486 488 493 494 496 498 500
228 42
229 26
230 63
231 72 235 241 243 244 251 256 263 264 271 273 291 293 295 310 317 322 326 335 343 350 354 379 380 381 383 385 396 418 420 422 427 430 438 454 457 469 474 479 493 494 498 500
232 74
233 83
234 55
235 36 259 236 238 240 241 242 243 244 245 248 249 250 251 252 253 254 255 256 263 264 265 266 268 271 273 274 278 280 283 284 285 289 291 293 295 297 300 301 302 304 305 306 308 310 312 313 316 317 318 319 320 322 326 327 328 329 330 333 334 335 338 339 340 341 342 343 344 350 352 353 354 355 360 361 362 363 364 369 370 372 376 379 380 381 383 385 386 387 391 395 396 403 406 412 415 416 417 418 419 420 422 424 427 430 431 433 436 437 438 439 443 444 445 446 449 454 456 457 458 459 462 463 464 466 467 468 469 470 471 473 474 475 476 479 486 488 493 494 496 498 500
236 44 241 243 244 251 256 263 264 271 273 291 293 295 306 310 317 322 326 330 335 343 350 352 354 379 380 381 383 385 396 416 418 419 420 422 427 430 433 438 454 457 469 470 474 479 493 494 498 500
237 95
238 81 243 244 251 271 291 293 310 317 322 343 350 380 381 383 385 418 438 457 469 479 498 500
239 73
240 53 241 242 243 244 245 251 253 255 256 263 264 271 273 284 291 293 295 301 302 304 306 308 310 313 316 317 319 322 326 330 335 338 340 341 343 350 352 353 354 363 369 370 379 380 381 383 385 391 396 403 406 412 416 418 419 420 422 427 430 433 438 439 443 445 454 457 463 464 466 469 470 471 474 475 479 486 493 494 496 498 500
241 63 259 242 243 244 245 249 250 251 252 253 255 256 263 264 265 266 268 271 273 283 284 289 291 293 295 300 301 302 304 306 308 310 313 316 317 318 319 320 322 326 328 330 333 335 338 340 341 342 343 350 352 353 354 360 361 362 363 364 369 370 379 380 381 383 385 387 391 396 403 406 412 415 416 417 418 419 420 422 424 427 430 433 436 437 438 439 443 445 446 449 454 456 457 463 464 466 469 470 471 473 474 475 476 479 486 488 493 494 496 498 500
242 47 243 244 245 251 253 255 256 263 264 271 273 283 284 291 293 295 301 302 304 306 308 310 313 316 317 319 322 326 328 330 335 338 340 341 343 350 352 353 354 363 364 369 370 379 380 381 383 385 391 396 403 406 412 415 416 418 419 420 422 427 430 433 438 439 443 445 446 454 457 463 464 466 469 470 471 473 474 475 479 486 493 494 496 498 500
243 88 259 244 245 248 249 250 251 252 253 254 255 256 263 264 265 266 268 271 273 278 280 283 284 285 289 291 293 295 297 300 301 302 304 306 308 310 312 313 316 317 318 319 320 322 326 328 330 333 335 338 339 340 341 342 343 344 350 352 353 354 355 360 361 362 363 364 369 370 376 379 380 381 383 385 387 391 395 396 403 406 412 415 416 417 418 419 420 422 424 427 430 431 433 436 437 438 439 443 444 445 446 449 454 456 457 458 459 462 463 464 466 469 470 471 473 474 475 476 479 486 488 493 494 496 498 500
244 86 259 245 248 249 250 251 252 253 254 255 256 263 264 265 266 268 271 273 274 278 280 283 284 285 289 291 293 295 297 300 301 302 304 305 306 308 310 312 313 316 317 318 319 320 322 326 327 328 329 330 333 334 335 338 339 340 341 342 343 344 350 352 353 354 355 360 361 362 363 364 369 370 372 376 379 380 381 383 385 386 387 391 395 396 403 406 412 415 416 417 418 419 420 422 424 427 430 431 433 436 437 438 439 443 444 445 446 449 454 456 457 458 459 462 463 464 466 467 468 469 470 471 472 473 474 475 476 479 483 486 488 493 494 496 498 500
245 48 251 253 255 256 263 264 271 273 284 291 293 295 301 302 304 306 308 310 313 316 317 319 322 326 330 335 338 340 341 343 350 352 353 354 363 369 370 379 380 381 383 385 391 396 403 406 412 415 416 418 419 420 422 427 430 433 438 439 443 445 446 454 457 463 464 466 469 470 471 474 475 479 486 493 494 496 498 500
246 21
247 89
248 74 251 256 263 264 271 273 291 293 295 310 317 322 326 335 343 350 354 379 380 381 383 385 418 420 422 427 430 438 454 457 469 474 479 493 494 498 500
249 70 251 256 263 264 271 273 291 293 295 306 310 317 322 326 330 335 343 350 352 354 379 380 381 383 385 396 403 416 418 419 420 422 427 430 433 438 454 457 469 470 474 475 479 493 494 498 500
250 63 251 256 263 264 271 273 291 293 295 310 317 322 326 335 343 350 352 354 379 380 381 383 385 396 418 420 422 427 430 433 438 454 457 469 470 474 479 493 494 498 500
251 56 259 252 253 254 255 256 263 264 265 266 268 271 273 278 280 283 284 285 289 291 293 295 297 300 301 302 304 306 308 310 312 313 316 317 318 319 320 322 326 328 330 333 335 338 339 340 341 342 343 344 350 352 353 354 355 360 361 362 363 364 369 370 376 379 380 381 383 385 387 391 395 396 403 406 412 415 416 417 418 419 420 422 424 427 430 431 433 436 437 438 439 443 444 445 446 449 454 456 457 458 459 462 463 464 466 469 470 471 473 474 475 476 479 486 488 493 494 496 498 500
252 68 256 263 264 271 273 291 293 295 306 310 317 322 326 335 343 350 352 354 379 380 381 383 385 396 418 420 422 427 430 433 438 454 457 469 470 474 479 493 494 498 500
253 67 259 255 256 263 264 271 273 283 284 291 293 295 301 302 304 306 308 310 313 316 317 319 322 326 328 330 335 338 340 341 343 350 352 353 354 363 364 369 370 379 380 381 383 385 391 396 403 406 412 415 416 418 419 420 422 427 430 433 438 439 443 445 446 454 457 463 464 466 469 470 471 473 474 475 476 479 486 488 493 494 496 498 500
254 56 256 263 271 291 293 310 317 322 326 343 350 380 381 383 385 418 430 438 457 469 474 479 494 498 500
255 44 259 256 263 264 271 273 283 284 291 293 295 301 302 304 306 308 310 313 316 317 319 322 326 328 330 335 338 340 341 343 350 352 353 354 363 364 369 370 379 380 381 383 385 391 396 403 406 412 415 416 418 419 420 422 427 430 433 438 439 443 445 446 454 457 463 464 466 469 470 471 473 474 475 476 479 486 488 493 494 496 498 500
256 64 259 263 264 265 266 268 271 273 280 283 284 289 291 293 295 297 300 301 302 304 306 308 310 312 313 316 317 318 319 320 322 326 328 330 333 335 338 339 340 341 342 343 344 350 352 353 354 355 360 361 362 363 364 369 370 379 380 381 383 385 387 391 395 396 403 406 412 415 416 417 418 419 420 422 424 427 430 431 433 436 437 438 439 443 445 446 449 454 456 457 458 462 463 464 466 469 470 471 473 474 475 476 479 486 488 493 494 496 498 500
257 75
258 96
259 80 263 264 271 273 284 291 293 295 302 306 310 316 317 319 322 326 330 335 343 350 352 353 354 369 379 380 381 383 385 396 403 412 416 418 419 420 422 427 430 433 438 439 443 454 457 469 470 471 474 475 479 493 494 498 500
260 58
261 75
262 50
263 43 264 265 266 268 271 273 280 283 284 289 291 293 295 297 300 301 302 304 306 308 310 312 313 316 317 318 319 320 322 326 328 330 333 335 338 339 340 341 342 343 344 350 352 353 354 355 360 361 362 363 364 369 370 376 379 380 381 383 385 387 391 395 396 403 406 412 415 416 417 418 419 420 422 424 427 430 431 433 436 437 438 439 443 444 445 446 449 454 456 457 458 459 462 463 464 466 469 470 471 473 474 475 476 479 486 488 493 494 496 498 500
264 42 265 266 268 271 273 280 283 284 289 291 293 295 297 300 301 302 304 306 308 310 313 316 317 318 319 320 322 326 328 330 333 335 338 339 340 341 342 343 350 352 353 354 355 360 361 362 363 364 369 370 379 380 381 383 385 387 391 395 396 403 406 412 415 416 417 418 419 420 422 424 427 430 431 433 436 437 438 439 443 445 446 449 454 456 457 458 463 464 466 469 470 471 473 474 475 476 479 486 488 493 494 496 498 500
265 31 271 273 291 293 295 310 317 322 326 335 343 350 352 354 379 380 381 383 385 396 418 420 422 427 430 438 454 457 469 470 474 479 493 494 498 500
266 94 271 273 291 293 295 306 310 317 322 326 335 343 350 352 354 379 380 381 383 385 396 418 420 422 427 430 433 438 454 457 469 470 474 479 493 494 498 500
267 64
268 77 271 273 291 293 295 310 317 322 326 335 343 350 354 379 380 381 383 385 418 420 422 427 430 438 454 457 469 474 479 493 494 498 500
269 89
270 30
271 45 273 274 278 280 283 284 285 289 291 293 295 297 300 301 302 304 306 308 310 312 313 316 317 318 319 320 322 326 328 330 333 335 338 339 340 341 342 343 344 350 352 353 354 355 360 361 362 363 364 369 370 376 379 380 381 383 385 386 387 391 395 396 403 406 412 415 416 417 418 419 420 422 424 427 430 431 433 436 437 438 439 443 444 445 446 449 454 456 457 458 459 462 463 464 466 467 469 470 471 473 474 475 476 479 486 488 493 494 496 498 500
272 74
273 53 280 283 284 289 291 293 295 297 300 301 302 304 306 308 310 313 316 317 318 319 320 322 326 328 330 333 335 338 339 340 341 342 343 350 352 353 354 355 360 361 362 363 364 369 370 379 380 381 383 385 387 391 395 396 403 406 412 415 416 417 418 419 420 422 424 427 430 431 433 436 437 438 439 443 445 446 449 454 456 457 458 463 464 466 469 470 471 473 474 475 476 479 486 488 493 494 496 498 500
274 57 291 293 310 317 322 343 350 380 381 383 418 438 457 469 498 500
275 56 418
276 47
277 31
278 55 291 293 310 317 322 343 350 380 381 383 385 418 438 457 469 479 494 498 500
279 58
280 28 291 293 310 317 322 326 335 343 350 380 381 383 385 418 430 438 457 469 474 479 494 498 500
281 72
282 27
283 35 284 291 293 295 301 302 306 310 316 317 319 322 326 330 335 343 350 352 353 354 369 370 379 380 381 383 385 396 403 412 416 418 419 420 422 427 430 433 438 439 443 445 454 457 466 469 470 471 474 475 479 493 494 498 500
284 68 291 293 295 301 302 304 306 308 310 313 316 317 318 319 322 326 328 330 335 338 340 341 343 350 352 353 354 362 363 364 369 370 379 380 381 383 385 391 396 403 406 412 415 416 418 419 420 422 427 430 433 438 439 443 445 446 454 457 463 464 466 469 470 471 473 474 475 476 479 486 488 493 494 496 498 500
285 68 291 293 310 317 322 343 350 380 381 383 385 418 438 457 469 479 498 500
286 82
287 67 418
288 47
289 24 291 293 295 306 310 317 322 326 335 343 350 352 354 379 380 381 383 385 396 418 420 422 427 430 433 438 454 457 469 470 474 479 493 494 498 500
290 49
291 40 293 295 297 300 301 302 304 305 306 308 310 312 313 316 317 318 319 320 322 326 327 328 330 333 334 335 338 339 340 341 342 343 344 350 352 353 354 355 360 361 362 363 364 369 370 372 376 379 380 381 383 385 386 387 391 395 396 403 406 412 415 416 417 418 419 420 422 424 427 430 431 433 436 437 438 439 443 444 445 446 449 454 456 457 458 459 462 463 464 466 467 469 470 471 473 474 475 476 479 486 488 493 494 496 498 500
292 67
293 96 295 297 300 301 302 304 306 308 310 312 313 316 317 318 319 320 322 326 327 328 330 333 334 335 338 339 340 341 342 343 344 350 352 353 354 355 360 361 362 363 364 369 370 372 376 379 380 381 383 385 386 387 391 395 396 403 406 412 415 416 417 418 419 420 422 424 427 430 431 433 436 437 438 439 443 444 445 446 449 454 456 457 458 459 462 463 464 466 467 469 470 471 473 474 475 476 479 486 488 493 494 496 498 500
294 80
295 88 300 301 302 304 306 308 310 313 316 317 318 319 320 322 326 328 330 333 335 338 340 341 342 343 350 352 353 354 360 361 362 363 364 369 370 379 380 381 383 385 387 391 395 396 403 406 412 415 416 417 418 419 420 422 424 427 430 433 436 437 438 439 443 445 446 449 454 456 457 458 463 464 466 469 470 471 473 474 475 476 479 486 488 493 494 496 498 500
296 39
297 93 310 317 322 326 335 343 350 354 379 380 381 383 385 418 420 422 427 430 438 454 457 469 474 479 493 494 498 500
298 32
299 47
300 81 310 317 322 326 335 343 350 352 354 379 380 381 383 385 396 418 420 422 427 430 438 454 457 469 470 474 479 493 494 498 500
301 99 302 304 306 308 310 313 316 317 319 322 326 328 330 335 338 340 341 343 350 352 353 354 363 364 369 370 379 380 381 383 385 391 396 403 406 412 415 416 418 419 420 422 427 430 433 438 439 443 445 446 454 457 463 464 466 469 470 471 473 474 475 476 479 486 493 494 496 498 500
302 38 304 306 308 310 313 316 317 319 322 326 328 330 335 338 340 341 343 350 352 353 354 363 364 369 370 379 380 381 383 385 391 396 403 406 412 415 416 418 419 420 422 427 430 433 438 439 443 445 446 454 457 463 464 466 469 470 471 473 474 475 476 479 486 488 493 494 496 498 500
303 51
304 97 306 308 310 316 317 319 322 326 330 335 338 340 341 343 350 352 353 354 363 369 370 379 380 381 383 385 396 403 406 412 416 418 419 420 422 427 430 433 438 439 443 445 454 457 464 466 469 470 471 474 475 479 486 493 494 496 498 500
305 31 310 317 322 343 350 380 418 457 469 498
306 55 308 310 313 316 317 318 319 320 322 326 328 330 335 338 340 341 342 343 350 352 353 354 361 362 363 364 369 370 379 380 381 383 385 387 391 396 403 406 412 415 416 418 419 420 422 424 427 430 433 437 438 439 443 445 446 449 454 457 463 464 466 469 470 471 473 474 475 476 479 486 488 493 494 496 498 500
307 40
308 63 310 316 317 319 322 326 330 335 338 340 341 343 350 352 353 354 363 369 370 379 380 381 383 385 396 403 406 412 416 418 419 420 422 427 430 433 438 439 443 445 454 457 464 466 469 470 471 474 475 479 486 493 494 496 498 500
309 93
310 78 312 313 316 317 318 319 320 322 326 327 328 329 330 333 334 335 338 339 340 341 342 343 344 350 352 353 354 355 360 361 362 363 364 369 370 372 374 376 379 380 381 383 385 386 387 391 395 396 403 406 412 415 416 417 418 419 420 422 424 427 430 431 433 436 437 438 439 443 444 445 446 449 454 456 457 458 459 462 463 464 466 467 468 469 470 471 472 473 474 475 476 479 483 486 488 493 494 496 498 500
311 30
312 39 317 322 343 350 380 381 383 385 418 438 457 469 474 479 494 498 500
313 55 316 317 319 322 326 330 335 340 341 343 350 352 353 354 363 369 370 379 380 381 383 385 396 403 406 412 416 418 419 420 422 427 430 433 438 439 443 445 454 457 466 469 470 471 474 475 479 493 494 498 500
314 67
315 24
316 72 317 319 322 326 328 330 335 338 340 341 343 350 352 353 354 363 364 369 370 379 380 381 383 385 391 396 403 406 412 415 416 418 419 420 422 427 430 433 438 439 443 445 446 454 457 463 464 466 469 470 471 473 474 475 476 479 486 488 493 494 496 498 500
317 71 318 319 320 322 323 326 327 328 329 330 333 334 335 338 339 340 341 342 343 344 350 352 353 354 355 360 361 362 363 364 369 370 372 374 376 379 380 381 383 385 386 387 391 395 396 403 406 412 415 416 417 418 419 420 422 424 427 430 431 433 436 437 438 439 443 444 445 446 449 454 456 457 458 459 462 463 464 466 467 468 469 470 471 472 473 474 475 476 479 483 486 488 493 494 496 498 500
318 43 319 322 326 330 335 343 350 352 354 379 380 381 383 385 396 403 416 418 419 420 422 427 430 433 438 454 457 469 470 474 475 479 493 494 498 500
319 31 322 326 328 330 335 338 340 341 343 350 352 353 354 362 363 364 369 370 379 380 381 383 385 391 396 403 406 412 415 416 418 419 420 422 424 427 430 433 438 439 443 445 446 449 454 457 463 464 466 469 470 471 473 474 475 476 479 486 488 493 494 496 498 500
320 79 322 326 335 343 350 352 354 379 380 381 383 385 396 418 420 422 427 430 433 438 454 457 469 470 474 479 493 494 498 500
321 77
322 42 323 326 327 328 329 330 333 334 335 338 339 340 341 342 343 344 350 352 353 354 355 360 361 362 363 364 369 370 372 374 376 379 380 381 383 385 386 387 391 392 395 396 403 406 412 415 416 417 418 419 420 422 424 427 430 431 433 436 437 438 439 443 444 445 446 449 454 456 457 458 459 462 463 464 466 467 468 469 470 471 472 473 474 475 476 479 483 486 488 493 494 496 498 500
323 73 350 418 457
324 62
325 93
326 90 328 330 333 335 338 339 340 341 342 343 350 352 353 354 355 360 361 362 363 364 369 370 379 380 381 383 385 387 391 395 396 403 406 412 415 416 417 418 419 420 422 424 427 430 431 433 436 437 438 439 443 445 446 449 454 456 457 458 463 464 466 469 470 471 473 474 475 476 479 486 488 493 494 496 498 500
327 50 343 350 380 381 383 418 438 457 469 498 500
328 98 330 335 343 350 352 353 354 369 370 379 380 381 383 385 396 403 412 416 418 419 420 422 427 430 433 438 439 443 445 454 457 466 469 470 471 474 475 479 493 494 498 500
329 36 343 350 380 418 457 469 498
330 76 335 338 340 341 342 343 350 352 353 354 362 363 364 369 370 379 380 381 383 385 387 391 396 403 406 412 415 416 418 419 420 422 424 427 430 433 438 439 443 445 446 449 454 457 463 464 466 469 470 471 473 474 475 476 479 486 488 493 494 496 498 500
331 72
332 35
333 48 335 343 350 352 354 379 380 381 383 385 396 418 420 422 427 430 433 438 454 457 469 470 474 479 493 494 498 500
334 53 343 350 380 381 383 418 438 457 469 498 500
335 33 338 339 340 341 342 343 350 352 353 354 355 360 361 362 363 364 369 370 379 380 381 383 385 387 391 395 396 403 406 412 415 416 417 418 419 420 422 424 427 430 431 433 436 437 438 439 443 445 446 449 454 456 457 458 463 464 466 469 470 471 473 474 475 476 479 486 488 493 494 496 498 500
336 64
337 51
338 32 340 341 343 350 352 353 354 363 369 370 379 380 381 383 385 396 403 406 412 416 418 419 420 422 427 430 433 438 439 443 445 454 457 464 466 469 470 471 474 475 479 486 493 494 496 498 500
339 82 343 350 380 381 383 385 418 422 430 438 457 469 474 479 494 498 500
340 68 341 343 350 352 353 354 363 369 370 379 380 381 383 385 391 396 403 406 412 415 416 418 419 420 422 427 430 433 438 439 443 445 446 454 457 463 464 466 469 470 471 474 475 479 486 493 494 496 498 500
341 55 343 350 352 353 354 363 369 370 379 380 381 383 385 391 396 403 406 412 415 416 418 419 420 422 427 430 433 438 439 443 445 446 454 457 463 464 466 469 470 471 474 475 479 486 493 494 496 498 500
342 51 343 350 352 354 379 380 381 383 385 396 416 418 419 420 422 427 430 433 438 454 457 469 470 474 479 493 494 498 500
343 84 344 350 352 353 354 355 360 361 362 363 364 369 370 372 374 376 379 380 381 383 385 386 387 391 395 396 403 406 412 415 416 417 418 419 420 422 424 427 430 431 433 436 437 438 439 443 444 445 446 449 454 456 457 458 459 462 463 464 466 467 468 469 470 471 472 473 474 475 476 479 483 486 488 493 494 496 498 500
344 72 350 380 381 383 385 418 438 457 469 474 479 494 498 500
345 50
346 30
347 21
348 25
349 43
350 55 352 353 354 355 360 361 362 363 364 369 370 372 374 376 379 380 381 383 385 386 387 391 392 395 396 403 406 412 415 416 417 418 419 420 422 424 427 430 431 433 436 437 438 439 443 444 445 446 449 454 456 457 458 459 462 463 464 466 467 468 469 470 471 472 473 474 475 476 479 483 486 488 493 494 496 498 500
351 56
352 65 353 354 360 361 362 363 364 369 370 379 380 381 383 385 387 391 396 403 406 412 415 416 418 419 420 422 424 427 430 433 436 437 438 439 443 445 446 449 454 456 457 463 464 466 469 470 471 473 474 475 476 479 486 488 493 494 496 498 500
353 73 354 362 363 364 369 370 379 380 381 383 385 391 396 403 406 412 415 416 418 419 420 422 427 430 433 438 439 443 445 446 454 457 463 464 466 469 470 471 473 474 475 476 479 486 488 493 494 496 498 500
354 24 360 361 362 363 364 369 370 379 380 381 383 385 387 391 395 396 403 406 412 415 416 417 418 419 420 422 424 427 430 433 436 437 438 439 443 445 446 449 454 456 457 458 463 464 466 469 470 471 473 474 475 476 479 486 488 493 494 496 498 500
355 100 379 380 381 383 385 418 420 422 430 438 454 457 469 474 479 494 498 500
356 21 418
357 47
358 97
359 90
360 83 379 380 381 383 385 396 418 420 422 427 430 438 454 457 469 470 474 479 493 494 498 500
361 75 379 380 381 383 385 396 418 420 422 427 430 433 438 454 457 469 470 474 479 493 494 498 500
362 43 379 380 381 383 385 396 403 416 418 419 420 422 427 430 433 438 454 457 469 470 474 475 479 493 494 498 500
363 61 369 370 379 380 381 383 385 391 396 403 406 412 415 416 418 419 420 422 427 430 433 438 439 443 445 446 454 457 463 464 466 469 470 471 474 475 479 486 493 494 496 498 500
364 51 369 370 379 380 381 383 385 396 403 412 416 418 419 420 422 427 430 433 438 439 443 445 454 457 466 469 470 471 474 475 479 493 494 498 500
365 32
366 74
367 63
368 91
369 21 370 379 380 381 383 385 391 396 403 406 412 415 416 418 419 420 422 427 430 433 438 439 443 445 446 454 457 463 464 466 469 470 471 473 474 475 476 479 486 493 494 496 498 500
370 92 379 380 381 383 385 391 396 403 406 412 415 416 418 419 420 422 427 430 433 438 439 443 445 446 454 457 463 464 466 469 470 471 473 474 475 476 479 486 493 494 496 498 500
371 71
372 74 380 381 418 438 457 469 498
373 42
374 100 418 457 469
375 21
376 63 380 381 383 385 418 438 457 469 479 494 498 500
377 72
378 42
379 54 380 381 383 385 387 391 395 396 403 406 412 415 416 417 418 419 420 422 424 427 430 433 436 437 438 439 443 445 446 449 454 456 457 458 463 464 466 469 470 471 473 474 475 476 479 486 488 493 494 496 498 500
380 57 381 383 385 386 387 391 395 396 403 406 412 415 416 417 418 419 420 422 424 427 430 431 433 436 437 438 439 443 444 445 446 449 454 456 457 458 459 462 463 464 466 467 468 469 470 471 472 473 474 475 476 479 483 486 488 493 494 496 498 500
381 42 383 385 386 387 391 395 396 403 406 412 415 416 417 418 419 420 422 424 427 430 431 433 436 437 438 439 443 444 445 446 449 454 456 457 458 459 462 463 464 466 467 469 470 471 473 474 475 476 479 486 488 493 494 496 498 500
382 81
383 68 385 386 387 391 395 396 403 406 412 415 416 417 418 419 420 422 424 427 430 431 433 436 437 438 439 443 444 445 446 449 454 456 457 458 459 462 463 464 466 467 469 470 471 473 474 475 476 479 486 488 493 494 496 498 500
384 79
385 38 387 391 395 396 403 406 412 415 416 417 418 419 420 422 424 427 430 431 433 436 437 438 439 443 444 445 446 449 454 456 457 458 459 462 463 464 466 469 470 471 473 474 475 476 479 486 488 493 494 496 498 500
386 47 418 438 457 469 479 498 500
387 21 396 416 418 419 420 422 427 430 433 438 454 457 469 470 474 479 493 494 498 500
388 22
389 55
390 61 418
391 40 396 403 412 416 418 419 420 422 427 430 433 438 439 443 445 454 457 466 469 470 471 474 475 479 493 494 498 500
392 35 418
393 76
394 83
395 100 418 420 422 427 430 438 454 457 469 474 479 493 494 498 500
396 31 403 406 412 415 416 417 418 419 420 422 424 427 430 433 436 437 438 439 443 445 446 449 454 456 457 463 464 466 469 470 471 473 474 475 476 479 486 488 493 494 496 498 500
397 62
398 36
399 75
400 82
401 50
402 80
403 38 406 412 415 416 418 419 420 422 424 427 430 433 438 439 443 445 446 449 454 457 463 464 466 469 470 471 473 474 475 476 479 486 488 493 494 496 498 500
404 68 418
405 21
406 84 412 416 418 419 420 422 427 430 433 438 439 443 445 454 457 464 466 469 470 471 474 475 479 486 493 494 496 498 500
407 72
408 67
409 84
410 98
411 39
412 68 415 416 418 419 420 422 427 430 433 438 439 443 445 446 454 457 463 464 466 469 470 471 473 474 475 476 479 486 493 494 496 498 500
413 86
414 63
415 98 416 418 419 420 422 427 430 433 438 439 443 445 454 457 466 469 470 471 474 475 479 493 494 498 500
416 67 418 419 420 422 424 427 430 433 438 439 443 445 446 449 454 457 463 464 466 469 470 471 473 474 475 476 479 486 488 493 494 496 498 500
417 75 418 420 422 427 430 438 454 457 469 474 479 493 494 498 500
418 37 419 420 422 424 427 430 431 433 436 437 438 439 443 444 445 446 449 454 456 457 458 459 462 463 464 466 467 468 469 470 471 472 473 474 475 476 479 483 486 488 493 494 496 498 500
419 35 420 422 424 427 430 433 438 439 443 445 446 449 454 457 463 464 466 469 470 471 473 474 475 476 479 486 488 493 494 496 498 500
420 41 422 424 427 430 433 436 437 438 439 443 445 446 449 454 456 457 458 463 464 466 469 470 471 473 474 475 476 479 486 488 493 494 496 498 500
421 63
422 67 424 427 430 431 433 436 437 438 439 443 445 446 449 454 456 457 458 463 464 466 469 470 471 473 474 475 476 479 486 488 493 494 496 498 500
423 57
424 26 427 430 433 438 454 457 469 470 474 475 479 493 494 498 500
425 53
426 36
427 56 430 433 436 437 438 439 443 445 446 449 454 456 457 458 463 464 466 469 470 471 473 474 475 476 479 486 488 493 494 496 498 500
428 92
429 89
430 76 431 433 436 437 438 439 443 445 446 449 454 456 457 458 463 464 466 469 470 471 473 474 475 476 479 486 488 493 494 496 498 500
431 49 438 457 469 474 479 494 498 500
432 23
433 23 436 437 438 439 443 445 446 449 454 456 457 463 464 466 469 470 471 473 474 475 476 479 486 488 493 494 496 498 500
434 49
435 24
436 56 438 454 457 469 470 474 479 493 494 498 500
437 74 438 454 457 469 470 474 479 493 494 498 500
438 34 439 443 444 445 446 449 454 456 457 458 459 462 463 464 466 467 469 470 471 473 474 475 476 479 486 488 493 494 496 498 500
439 64 443 445 446 454 457 463 464 466 469 470 471 473 474 475 476 479 486 493 494 496 498 500
440 100
441 82
442 25
443 30 445 446 454 457 463 464 466 469 470 471 473 474 475 476 479 486 493 494 496 498 500
444 72 457 469 474 479 494 498 500
445 82 446 454 457 463 464 466 469 470 471 473 474 475 479 486 493 494 496 498 500
446 68 454 457 466 469 470 471 474 475 479 493 494 498 500
447 67
448 57
449 57 454 457 469 470 474 475 479 493 494 498 500
450 40
451 33
452 40
453 27
454 52 456 457 458 463 464 466 469 470 471 473 474 475 476 479 486 488 493 494 496 498 500
455 89
456 52 457 469 470 474 479 493 494 498 500
457 97 458 459 462 463 464 466 467 468 469 470 471 472 473 474 475 476 479 483 486 488 493 494 496 498 500
458 31 469 474 479 493 494 498 500
459 48 469 474 479 494 498 500
460 50
461 57
462 37 469 474 479 494 498 500
463 77 466 469 470 471 474 475 479 493 494 498 500
464 32 466 469 470 471 474 475 479 486 493 494 496 498 500
465 97
466 67 469 470 471 473 474 475 476 479 486 493 494 496 498 500
467 93 469 498 500
468 70 469 498
469 20 470 471 472 473 474 475 476 479 483 486 488 493 494 496 498 500
470 38 471 473 474 475 476 479 486 488 493 494 496 498 500
471 71 473 474 475 476 479 486 488 493 494 496 498 500
472 49
473 78 474 475 479 493 494 498 500
474 40 475 476 479 486 488 493 494 496 498 500
475 94 476 479 486 488 493 494 496 498 500
476 21 479 493 494 498 500
477 66
478 96
479 86 486 488 493 494 496 498 500
480 85
481 99
482 79
483 85
484 77
485 68
486 37 493 494 496 498 500
487 41
488 68 493 494 498 500
489 27
490 100
491 96
492 74
493 46 494 496 498 500
494 79 496 498 500
495 43
496 59 498 500
497 50
498 39 500
499 42
500 80
