250 150
1 29 2 3 4 5 6 7 8 9 10 11 12 13 14 15 16 17 18 19 20 21 22 23 24 25 26 27 28 29 30 31 32 33 66 34 35 36 37 38 39 40 41 42 43 44 45 46 47 48 49 50 51 52 53 54 55 56 57 58 59 60 61 62 63 64 65 130 131 67 68 69 70 71 72 73 74 75 76 77 78 79 80 81 82 83 84 85 86 87 88 89 90 91 92 93 94 95 96 97 98 99 100 101 102 103 104 105 106 107 108 109 110 111 112 113 114 115 116 117 118 119 120 121 122 123 124 125 126 127 128 129 132 133 134 135 136 137 138 139 140 141 142 143 144 145 146 147 148 149 150 151 152 153 154 155 156 157 158 159 160 161 162 163 164 165 166 167 168 169 170 171 172 173 174 175 176 177 178 179 180 181 182 183 184 185 186 187 188 189 190 191 192 193 194 195 196 197 198 199 200 201 202 203 204 205 206 207 208 209 210 211 212 213 214 215 216 217 218 219 220 221 222 223 224 225 226 227 228 229 230 231 232 233 234 235 236 237 238 239 240 241 242 243 244 245 246 247 248 249 250
2 31 3 6 7 9 10 11 12 13 14 15 16 17 18 20 21 22 23 24 25 26 27 28 29 30 32 33 66 35 37 38 39 40 41 42 44 45 46 47 48 49 50 51 52 53 54 55 56 58 60 61 62 63 64 65 130 131 67 68 69 70 71 73 74 75 76 77 78 81 83 84 86 88 89 90 91 92 93 94 95 97 98 99 100 101 104 105 106 107 108 109 110 111 112 114 115 116 117 118 119 120 122 123 124 127 128 132 133 135 136 137 138 139 140 141 142 144 145 146 147 148 149 150 151 152 153 155 156 157 158 159 160 163 165 166 167 169 170 171 172 173 174 175 176 177 178 180 181 182 183 184 185 186 188 190 191 194 195 196 197 198 199 200 201 202 203 205 206 207 208 209 210 211 213 214 215 218 219 220 221 222 223 225 226 227 228 229 230 231 232 233 234 235 236 237 238 239 240 241 242 243 245 246 248 249 250
3 81 6 7 9 10 11 12 13 14 15 16 17 18 20 21 22 23 24 25 26 27 28 29 30 32 33 66 35 36 37 38 39 40 41 42 44 45 46 47 48 49 50 51 52 53 54 55 56 57 58 59 60 61 62 63 64 65 130 131 67 68 69 70 71 73 74 75 76 77 78 81 83 84 86 88 89 90 91 92 93 94 95 97 98 99 100 101 104 105 106 107 108 109 110 111 112 114 115 116 117 118 119 120 122 123 124 127 128 132 133 135 136 137 138 139 140 141 142 144 145 146 147 148 149 150 151 152 153 154 155 156 157 158 159 160 161 163 165 166 167 168 169 170 171 172 173 174 175 176 177 178 180 181 182 183 184 185 186 188 190 191 194 195 196 197 198 199 200 201 202 203 205 206 207 208 209 210 211 213 214 215 218 219 220 221 222 223 225 226 227 228 229 230 231 232 233 234 235 236 237 238 239 240 241 242 243 245 246 248 249 250
4 61 6 9 11 14 15 16 17 21 24 25 28 32 39 40 41 42 46 47 49 50 51 53 54 55 56 58 61 62 63 64 65 131 68 69 70 71 73 74 76 77 81 83 90 91 92 94 99 101 104 105 107 108 110 111 116 119 122 123 124 127 128 132 133 135 136 137 139 140 141 142 144 145 149 150 152 153 156 158 159 160 163 165 167 169 172 173 175 177 178 180 182 183 190 196 197 198 199 200 201 203 205 207 209 210 211 214 220 221 223 227 228 229 230 231 236 239 241 243 245 246 248 249 250
5 24 6 9 11 14 16 17 24 28 39 40 41 42 46 47 49 50 51 53 54 56 58 61 63 64 65 131 68 69 70 71 73 74 76 77 81 83 91 92 94 99 101 104 105 107 108 111 116 119 122 123 124 127 128 132 136 137 139 140 141 142 144 145 149 150 152 153 156 159 167 169 172 173 175 177 178 180 182 183 190 196 198 201 203 205 207 209 210 220 223 227 228 229 230 231 236 239 241 243 245 246 248 249
6 92 7 8 9 10 11 12 13 14 15 16 17 18 19 20 21 22 23 24 25 26 27 28 29 30 31 32 33 66 34 35 36 37 38 39 40 41 42 43 44 45 46 47 48 49 50 51 52 53 54 55 56 57 58 59 60 61 62 63 64 65 130 131 67 68 69 70 71 72 73 74 75 76 77 78 79 80 81 82 83 84 85 86 87 88 89 90 91 92 93 94 95 96 97 98 99 100 101 102 103 104 105 106 107 108 109 110 111 112 113 114 115 116 117 118 119 120 121 122 123 124 125 126 127 128 129 132 133 134 135 136 137 138 139 140 141 142 143 144 145 146 147 148 149 150 151 152 153 154 155 156 157 158 159 160 161 162 163 164 165 166 167 168 169 170 171 172 173 174 175 176 177 178 179 180 181 182 183 184 185 186 187 188 189 190 191 192 193 194 195 196 197 198 199 200 201 202 203 204 205 206 207 208 209 210 211 212 213 214 215 216 217 218 219 220 221 222 223 224 225 226 227 228 229 230 231 232 233 234 235 236 237 238 239 240 241 242 243 244 245 246 247 248 249 250
7 70 9 11 14 15 16 17 21 24 25 28 29 32 35 39 40 41 42 46 47 48 49 50 51 53 54 55 56 58 61 62 63 64 65 131 68 69 70 71 73 74 76 77 81 83 86 90 91 92 93 94 97 99 100 101 104 105 107 108 110 111 114 116 117 119 122 123 124 127 128 132 133 135 136 137 138 139 140 141 142 144 145 149 150 151 152 153 156 158 159 160 163 165 166 167 169 170 172 173 175 177 178 180 181 182 183 190 196 197 198 199 200 201 203 205 206 207 209 210 211 214 220 221 222 223 227 228 229 230 231 236 237 239 241 242 243 245 246 248 249 250
8 56 9 11 14 16 17 21 24 25 28 39 40 41 42 46 47 49 50 51 53 54 55 56 58 61 62 63 64 65 131 68 69 70 71 73 74 76 77 81 83 90 91 92 94 99 101 104 105 107 108 110 111 116 119 122 123 124 127 128 132 133 135 136 137 139 140 141 142 144 145 149 150 152 153 156 158 159 160 163 165 167 169 172 173 175 177 178 180 182 183 190 196 197 198 200 201 203 205 207 209 210 211 214 220 221 223 227 228 229 230 231 236 239 241 243 245 246 248 249 250
9 100 10 11 12 13 14 15 16 17 18 19 20 21 22 23 24 25 26 27 28 29 30 31 32 33 66 34 35 36 37 38 39 40 41 42 43 44 45 46 47 48 49 50 51 52 53 54 55 56 57 58 59 60 61 62 63 64 65 130 131 67 68 69 70 71 72 73 74 75 76 77 78 79 80 81 82 83 84 85 86 87 88 89 90 91 92 93 94 95 96 97 98 99 100 101 102 103 104 105 106 107 108 109 110 111 112 113 114 115 116 117 118 119 120 121 122 123 124 125 126 127 128 129 132 133 134 135 136 137 138 139 140 141 142 143 144 145 146 147 148 149 150 151 152 153 154 155 156 157 158 159 160 161 162 163 164 165 166 167 168 169 170 171 172 173 174 175 176 177 178 179 180 181 182 183 184 185 186 187 188 189 190 191 192 193 194 195 196 197 198 199 200 201 202 203 204 205 206 207 208 209 210 211 212 213 214 215 216 217 218 219 220 221 222 223 224 225 226 227 228 229 230 231 232 233 234 235 236 237 238 239 240 241 242 243 244 245 246 247 248 249 250
10 61 11 14 15 16 17 21 24 25 28 32 35 39 40 41 42 46 47 48 49 50 51 53 54 55 56 58 61 62 63 64 65 131 68 69 70 71 73 74 76 77 81 83 86 90 91 92 93 94 97 99 100 101 104 105 107 108 110 111 114 116 117 119 122 123 124 127 128 132 133 135 136 137 138 139 140 141 142 144 145 149 150 151 152 153 156 158 159 160 163 165 166 167 169 170 172 173 175 177 178 180 181 182 183 190 196 197 198 199 200 201 203 205 207 209 210 211 214 220 221 222 223 227 228 229 230 231 236 237 239 241 242 243 245 246 248 249 250
11 85 12 13 14 15 16 17 18 19 20 21 22 23 24 25 26 27 28 29 30 31 32 33 66 34 35 36 37 38 39 40 41 42 43 44 45 46 47 48 49 50 51 52 53 54 55 56 57 58 59 60 61 62 63 64 65 130 131 67 68 69 70 71 72 73 74 75 76 77 78 79 80 81 82 83 84 85 86 87 88 89 90 91 92 93 94 95 96 97 98 99 100 101 102 103 104 105 106 107 108 109 110 111 112 113 114 115 116 117 118 119 120 121 122 123 124 125 126 127 128 129 132 133 134 135 136 137 138 139 140 141 142 143 144 145 146 147 148 149 150 151 152 153 154 155 156 157 158 159 160 161 162 163 164 165 166 167 168 169 170 171 172 173 174 175 176 177 178 179 180 181 182 183 184 185 186 187 188 189 190 191 192 193 194 195 196 197 198 199 200 201 202 203 204 205 206 207 208 209 210 211 212 213 214 215 216 217 218 219 220 221 222 223 224 225 226 227 228 229 230 231 232 233 234 235 236 237 238 239 240 241 242 243 244 245 246 247 248 249 250
12 83 13 14 15 16 17 18 21 24 25 28 29 32 33 35 39 40 41 42 44 45 46 47 48 49 50 51 53 54 55 56 58 60 61 62 63 64 65 131 68 69 70 71 73 74 76 77 81 83 86 90 91 92 93 94 97 99 100 101 104 105 107 108 110 111 114 116 117 119 120 122 123 124 127 128 132 133 135 136 137 138 139 140 141 142 144 145 149 150 151 152 153 155 156 157 158 159 160 163 165 166 167 169 170 172 173 175 177 178 180 181 182 183 186 190 191 196 197 198 199 200 201 203 205 206 207 209 210 211 214 218 220 221 222 223 226 227 228 229 230 231 232 236 237 239 240 241 242 243 245 246 248 249 250
13 53 14 15 16 17 18 20 21 24 25 26 28 29 32 33 66 35 37 38 39 40 41 42 44 45 46 47 48 49 50 51 53 54 55 56 58 60 61 62 63 64 65 131 67 68 69 70 71 73 74 76 77 81 83 84 86 88 89 90 91 92 93 94 97 99 100 101 104 105 106 107 108 109 110 111 114 116 117 119 120 122 123 124 127 128 132 133 135 136 137 138 139 140 141 142 144 145 146 149 150 151 152 153 155 156 157 158 159 160 163 165 166 167 169 170 171 172 173 175 177 178 180 181 182 183 184 186 188 190 191 194 195 196 197 198 199 200 201 203 205 206 207 208 209 210 211 214 218 219 220 221 222 223 225 226 227 228 229 230 231 232 233 234 235 236 237 239 240 241 242 243 245 246 248 249 250
14 44 15 16 17 18 19 20 21 22 23 24 25 26 27 28 29 30 31 32 33 66 34 35 36 37 38 39 40 41 42 43 44 45 46 47 48 49 50 51 52 53 54 55 56 57 58 59 60 61 62 63 64 65 130 131 67 68 69 70 71 72 73 74 75 76 77 78 79 80 81 82 83 84 85 86 87 88 89 90 91 92 93 94 95 96 97 98 99 100 101 102 103 104 105 106 107 108 109 110 111 112 113 114 115 116 117 118 119 120 121 122 123 124 125 126 127 128 129 132 133 134 135 136 137 138 139 140 141 142 143 144 145 146 147 148 149 150 151 152 153 154 155 156 157 158 159 160 161 162 163 164 165 166 167 168 169 170 171 172 173 174 175 176 177 178 179 180 181 182 183 184 185 186 187 188 189 190 191 192 193 194 195 196 197 198 199 200 201 202 203 204 205 206 207 208 209 210 211 212 213 214 215 216 217 218 219 220 221 222 223 224 225 226 227 228 229 230 231 232 233 234 235 236 237 238 239 240 241 242 243 244 245 246 247 248 249 250
15 70 16 17 18 19 20 21 22 23 24 25 26 27 28 29 30 32 33 66 34 35 36 37 38 39 40 41 42 44 45 46 47 48 49 50 51 52 53 54 55 56 57 58 59 60 61 62 63 64 65 130 131 67 68 69 70 71 73 74 75 76 77 78 81 83 84 86 88 89 90 91 92 93 94 95 97 98 99 100 101 104 105 106 107 108 109 110 111 112 113 114 115 116 117 118 119 120 121 122 123 124 127 128 132 133 134 135 136 137 138 139 140 141 142 144 145 146 147 148 149 150 151 152 153 154 155 156 157 158 159 160 161 163 165 166 167 168 169 170 171 172 173 174 175 176 177 178 180 181 182 183 184 185 186 188 189 190 191 194 195 196 197 198 199 200 201 202 203 204 205 206 207 208 209 210 211 212 213 214 215 217 218 219 220 221 222 223 225 226 227 228 229 230 231 232 233 234 235 236 237 238 239 240 241 242 243 245 246 247 248 249 250
16 65 17 18 19 20 21 22 23 24 25 26 27 28 29 30 31 32 33 66 34 35 36 37 38 39 40 41 42 43 44 45 46 47 48 49 50 51 52 53 54 55 56 57 58 59 60 61 62 63 64 65 130 131 67 68 69 70 71 72 73 74 75 76 77 78 79 80 81 82 83 84 85 86 87 88 89 90 91 92 93 94 95 96 97 98 99 100 101 102 103 104 105 106 107 108 109 110 111 112 113 114 115 116 117 118 119 120 121 122 123 124 125 126 127 128 129 132 133 134 135 136 137 138 139 140 141 142 143 144 145 146 147 148 149 150 151 152 153 154 155 156 157 158 159 160 161 162 163 164 165 166 167 168 169 170 171 172 173 174 175 176 177 178 179 180 181 182 183 184 185 186 187 188 189 190 191 192 193 194 195 196 197 198 199 200 201 202 203 204 205 206 207 208 209 210 211 212 213 214 215 216 217 218 219 220 221 222 223 224 225 226 227 228 229 230 231 232 233 234 235 236 237 238 239 240 241 242 243 244 245 246 247 248 249 250
17 25 18 19 20 21 22 23 24 25 26 27 28 29 30 31 32 33 66 34 35 36 37 38 39 40 41 42 43 44 45 46 47 48 49 50 51 52 53 54 55 56 57 58 59 60 61 62 63 64 65 130 131 67 68 69 70 71 72 73 74 75 76 77 78 79 80 81 82 83 84 85 86 87 88 89 90 91 92 93 94 95 96 97 98 99 100 101 102 103 104 105 106 107 108 109 110 111 112 113 114 115 116 117 118 119 120 121 122 123 124 125 126 127 128 129 132 133 134 135 136 137 138 139 140 141 142 143 144 145 146 147 148 149 150 151 152 153 154 155 156 157 158 159 160 161 162 163 164 165 166 167 168 169 170 171 172 173 174 175 176 177 178 179 180 181 182 183 184 185 186 187 188 189 190 191 192 193 194 195 196 197 198 199 200 201 202 203 204 205 206 207 208 209 210 211 212 213 214 215 216 217 218 219 220 221 222 223 224 225 226 227 228 229 230 231 232 233 234 235 236 237 238 239 240 241 242 243 244 245 246 247 248 249 250
18 39 20 21 24 25 26 28 29 32 33 66 35 37 38 39 40 41 42 44 45 46 47 48 49 50 51 53 54 55 56 58 60 61 62 63 64 65 131 67 68 69 70 71 73 74 76 77 81 83 84 86 88 89 90 91 92 93 94 97 98 99 100 101 104 105 106 107 108 109 110 111 114 116 117 119 120 122 123 124 127 128 132 133 135 136 137 138 139 140 141 142 144 145 146 147 149 150 151 152 153 155 156 157 158 159 160 163 165 166 167 169 170 171 172 173 175 177 178 180 181 182 183 184 186 188 190 191 194 195 196 197 198 199 200 201 203 205 206 207 208 209 210 211 214 218 219 220 221 222 223 225 226 227 228 229 230 231 232 233 234 235 236 237 239 240 241 242 243 245 246 248 249 250
19 71 21 24 25 28 32 39 40 41 42 46 47 48 49 50 51 53 54 55 56 58 61 62 63 64 65 131 68 69 70 71 73 74 76 77 81 83 90 91 92 93 94 99 101 104 105 107 108 110 111 116 117 119 122 123 124 127 128 132 133 135 136 137 139 140 141 142 144 145 149 150 152 153 156 158 159 160 163 165 167 169 172 173 175 177 178 180 182 183 190 196 197 198 199 200 201 203 205 207 209 210 211 214 220 221 222 223 227 228 229 230 231 236 239 241 243 245 246 248 249 250
20 26 21 24 25 28 29 32 33 35 39 40 41 42 44 45 46 47 48 49 50 51 53 54 55 56 58 60 61 62 63 64 65 131 68 69 70 71 73 74 76 77 81 83 86 90 91 92 93 94 97 99 100 101 104 105 107 108 110 111 114 116 117 119 120 122 123 124 127 128 132 133 135 136 137 138 139 140 141 142 144 145 149 150 151 152 153 155 156 157 158 159 160 163 165 166 167 169 170 172 173 175 177 178 180 181 182 183 186 190 191 196 197 198 199 200 201 203 205 206 207 209 210 211 214 218 220 221 222 223 227 228 229 230 231 232 236 237 239 240 241 242 243 245 246 248 249 250
21 63 22 23 24 25 26 27 28 29 30 31 32 33 66 34 35 36 37 38 39 40 41 42 44 45 46 47 48 49 50 51 52 53 54 55 56 57 58 59 60 61 62 63 64 65 130 131 67 68 69 70 71 73 74 75 76 77 78 81 83 84 86 87 88 89 90 91 92 93 94 95 96 97 98 99 100 101 103 104 105 106 107 108 109 110 111 112 113 114 115 116 117 118 119 120 121 122 123 124 126 127 128 129 132 133 134 135 136 137 138 139 140 141 142 144 145 146 147 148 149 150 151 152 153 154 155 156 157 158 159 160 161 163 165 166 167 168 169 170 171 172 173 174 175 176 177 178 180 181 182 183 184 185 186 188 189 190 191 194 195 196 197 198 199 200 201 202 203 204 205 206 207 208 209 210 211 212 213 214 215 216 217 218 219 220 221 222 223 224 225 226 227 228 229 230 231 232 233 234 235 236 237 238 239 240 241 242 243 244 245 246 247 248 249 250
22 99 24 25 28 29 32 35 39 40 41 42 46 47 48 49 50 51 53 54 55 56 58 61 62 63 64 65 131 68 69 70 71 73 74 76 77 81 83 86 90 91 92 93 94 97 99 100 101 104 105 107 108 110 111 114 116 117 119 122 123 124 127 128 132 133 135 136 137 138 139 140 141 142 144 145 149 150 151 152 153 156 158 159 160 163 165 166 167 169 170 172 173 175 177 178 180 181 182 183 190 196 197 198 199 200 201 203 205 206 207 209 210 211 214 220 221 222 223 227 228 229 230 231 236 237 239 241 242 243 245 246 248 249 250
23 64 24 25 28 29 32 33 35 39 40 41 42 44 46 47 48 49 50 51 53 54 55 56 58 60 61 62 63 64 65 131 68 69 70 71 73 74 76 77 81 83 86 90 91 92 93 94 97 99 100 101 104 105 107 108 110 111 114 116 117 119 122 123 124 127 128 132 133 135 136 137 138 139 140 141 142 144 145 149 150 151 152 153 156 158 159 160 163 165 166 167 169 170 172 173 175 177 178 180 181 182 183 186 190 191 196 197 198 199 200 201 203 205 206 207 209 210 211 214 220 221 222 223 227 228 229 230 231 232 236 237 239 241 242 243 245 246 248 249 250
24 97 25 26 27 28 29 30 31 32 33 66 34 35 36 37 38 39 40 41 42 43 44 45 46 47 48 49 50 51 52 53 54 55 56 57 58 59 60 61 62 63 64 65 130 131 67 68 69 70 71 72 73 74 75 76 77 78 79 80 81 82 83 84 85 86 87 88 89 90 91 92 93 94 95 96 97 98 99 100 101 102 103 104 105 106 107 108 109 110 111 112 113 114 115 116 117 118 119 120 121 122 123 124 125 126 127 128 129 132 133 134 135 136 137 138 139 140 141 142 143 144 145 146 147 148 149 150 151 152 153 154 155 156 157 158 159 160 161 162 163 164 165 166 167 168 169 170 171 172 173 174 175 176 177 178 179 180 181 182 183 184 185 186 187 188 189 190 191 192 193 194 195 196 197 198 199 200 201 202 203 204 205 206 207 208 209 210 211 212 213 214 215 216 217 218 219 220 221 222 223 224 225 226 227 228 229 230 231 232 233 234 235 236 237 238 239 240 241 242 243 244 245 246 247 248 249 250
25 88 26 27 28 29 30 31 32 33 66 34 35 36 37 38 39 40 41 42 43 44 45 46 47 48 49 50 51 52 53 54 55 56 57 58 59 60 61 62 63 64 65 130 131 67 68 69 70 71 72 73 74 75 76 77 78 81 83 84 86 87 88 89 90 91 92 93 94 95 96 97 98 99 100 101 103 104 105 106 107 108 109 110 111 112 113 114 115 116 117 118 119 120 121 122 123 124 126 127 128 129 132 133 134 135 136 137 138 139 140 141 142 144 145 146 147 148 149 150 151 152 153 154 155 156 157 158 159 160 161 163 165 166 167 168 169 170 171 172 173 174 175 176 177 178 180 181 182 183 184 185 186 188 189 190 191 193 194 195 196 197 198 199 200 201 202 203 204 205 206 207 208 209 210 211 212 213 214 215 216 217 218 219 220 221 222 223 224 225 226 227 228 229 230 231 232 233 234 235 236 237 238 239 240 241 242 243 244 245 246 247 248 249 250
26 54 28 29 32 33 35 39 40 41 42 44 45 46 47 48 49 50 51 53 54 55 56 58 60 61 62 63 64 65 131 67 68 69 70 71 73 74 76 77 81 83 86 89 90 91 92 93 94 97 99 100 101 104 105 106 107 108 110 111 114 116 117 119 120 122 123 124 127 128 132 133 135 136 137 138 139 140 141 142 144 145 149 150 151 152 153 155 156 157 158 159 160 163 165 166 167 169 170 172 173 175 177 178 180 181 182 183 186 188 190 191 194 196 197 198 199 200 201 203 205 206 207 209 210 211 214 218 220 221 222 223 226 227 228 229 230 231 232 233 236 237 239 240 241 242 243 245 246 248 249 250
27 91 28 29 32 33 35 39 40 41 42 46 47 48 49 50 51 53 54 55 56 58 60 61 62 63 64 65 131 68 69 70 71 73 74 76 77 81 83 86 90 91 92 93 94 97 99 100 101 104 105 107 108 110 111 114 116 117 119 122 123 124 127 128 132 133 135 136 137 138 139 140 141 142 144 145 149 150 151 152 153 156 158 159 160 163 165 166 167 169 170 172 173 175 177 178 180 181 182 183 190 196 197 198 199 200 201 203 205 206 207 209 210 211 214 220 221 222 223 227 228 229 230 231 236 237 239 241 242 243 245 246 248 249 250
28 53 29 30 31 32 33 66 34 35 36 37 38 39 40 41 42 43 44 45 46 47 48 49 50 51 52 53 54 55 56 57 58 59 60 61 62 63 64 65 130 131 67 68 69 70 71 72 73 74 75 76 77 78 79 80 81 82 83 84 85 86 87 88 89 90 91 92 93 94 95 96 97 98 99 100 101 102 103 104 105 106 107 108 109 110 111 112 113 114 115 116 117 118 119 120 121 122 123 124 125 126 127 128 129 132 133 134 135 136 137 138 139 140 141 142 143 144 145 146 147 148 149 150 151 152 153 154 155 156 157 158 159 160 161 162 163 164 165 166 167 168 169 170 171 172 173 174 175 176 177 178 179 180 181 182 183 184 185 186 187 188 189 190 191 192 193 194 195 196 197 198 199 200 201 202 203 204 205 206 207 208 209 210 211 212 213 214 215 216 217 218 219 220 221 222 223 224 225 226 227 228 229 230 231 232 233 234 235 236 237 238 239 240 241 242 243 244 245 246 247 248 249 250
29 96 32 33 66 35 37 38 39 40 41 42 44 45 46 47 48 49 50 51 52 53 54 55 56 58 60 61 62 63 64 65 130 131 67 68 69 70 71 73 74 75 76 77 78 81 83 84 86 88 89 90 91 92 93 94 95 97 98 99 100 101 104 105 106 107 108 109 110 111 112 114 115 116 117 118 119 120 122 123 124 127 128 132 133 135 136 137 138 139 140 141 142 144 145 146 147 148 149 150 151 152 153 155 156 157 158 159 160 163 165 166 167 169 170 171 172 173 174 175 176 177 178 180 181 182 183 184 185 186 188 190 191 194 195 196 197 198 199 200 201 202 203 205 206 207 208 209 210 211 213 214 215 218 219 220 221 222 223 225 226 227 228 229 230 231 232 233 234 235 236 237 238 239 240 241 242 243 245 246 248 249 250
30 44 32 35 39 40 41 42 46 47 48 49 50 51 53 54 55 56 58 61 62 63 64 65 131 68 69 70 71 73 74 76 77 81 83 86 90 91 92 93 94 97 99 100 101 104 105 107 108 110 111 114 116 117 119 122 123 124 127 128 132 133 135 136 137 138 139 140 141 142 144 145 149 150 151 152 153 156 158 159 160 163 165 166 167 169 170 172 173 175 177 178 180 181 182 183 190 196 197 198 199 200 201 203 205 207 209 210 211 214 220 221 222 223 227 228 229 230 231 236 237 239 241 242 243 245 246 248 249 250
31 49 39 40 41 42 46 47 49 50 51 53 54 56 58 61 62 63 64 65 131 68 69 70 71 73 74 76 77 81 83 90 91 92 94 99 101 104 105 107 108 110 111 116 119 122 123 124 127 128 132 133 136 137 139 140 141 142 144 145 149 150 152 153 156 158 159 160 165 167 169 172 173 175 177 178 180 182 183 190 196 197 198 200 201 203 205 207 209 210 211 214 220 223 227 228 229 230 231 236 239 241 243 245 246 248 249
32 94 33 66 34 35 36 37 38 39 40 41 42 44 45 46 47 48 49 50 51 52 53 54 55 56 57 58 59 60 61 62 63 64 65 130 131 67 68 69 70 71 73 74 75 76 77 78 81 83 84 86 88 89 90 91 92 93 94 95 97 98 99 100 101 104 105 106 107 108 109 110 111 112 113 114 115 116 117 118 119 120 121 122 123 124 127 128 132 133 134 135 136 137 138 139 140 141 142 144 145 146 147 148 149 150 151 152 153 154 155 156 157 158 159 160 161 163 165 166 167 168 169 170 171 172 173 174 175 176 177 178 180 181 182 183 184 185 186 188 189 190 191 194 195 196 197 198 199 200 201 202 203 204 205 206 207 208 209 210 211 212 213 214 215 217 218 219 220 221 222 223 225 226 227 228 229 230 231 232 233 234 235 236 237 238 239 240 241 242 243 245 246 247 248 249 250
33 63 66 35 37 38 39 40 41 42 44 45 46 47 48 49 50 51 53 54 55 56 58 60 61 62 63 64 65 130 131 67 68 69 70 71 73 74 75 76 77 78 81 83 84 86 88 89 90 91 92 93 94 97 98 99 100 101 104 105 106 107 108 109 110 111 112 114 115 116 117 118 119 120 122 123 124 127 128 132 133 135 136 137 138 139 140 141 142 144 145 146 147 148 149 150 151 152 153 155 156 157 158 159 160 163 165 166 167 169 170 171 172 173 174 175 176 177 178 180 181 182 183 184 185 186 188 190 191 194 195 196 197 198 199 200 201 203 205 206 207 208 209 210 211 214 215 218 219 220 221 222 223 225 226 227 228 229 230 231 232 233 234 235 236 237 238 239 240 241 242 243 245 246 248 249 250
34 65 39 40 41 42 46 47 49 50 51 53 54 55 56 58 61 62 63 64 65 131 68 69 70 71 73 74 76 77 81 83 90 91 92 94 99 101 104 105 107 108 110 111 116 119 122 123 124 127 128 132 133 135 136 137 139 140 141 142 144 145 149 150 152 153 156 158 159 160 163 165 167 169 172 173 175 177 178 180 182 183 190 196 197 198 199 200 201 203 205 207 209 210 211 214 220 221 223 227 228 229 230 231 236 239 241 243 245 246 248 249 250
35 90 66 36 37 38 39 40 41 42 44 45 46 47 48 49 50 51 52 53 54 55 56 58 60 61 62 63 64 65 130 131 67 68 69 70 71 73 74 75 76 77 78 81 83 84 86 88 89 90 91 92 93 94 95 97 98 99 100 101 104 105 106 107 108 109 110 111 112 114 115 116 117 118 119 120 122 123 124 127 128 132 133 135 136 137 138 139 140 141 142 144 145 146 147 148 149 150 151 152 153 155 156 157 158 159 160 163 165 166 167 168 169 170 171 172 173 174 175 176 177 178 180 181 182 183 184 185 186 188 190 191 194 195 196 197 198 199 200 201 202 203 205 206 207 208 209 210 211 213 214 215 218 219 220 221 222 223 225 226 227 228 229 230 231 232 233 234 235 236 237 238 239 240 241 242 243 245 246 248 249 250
36 37 39 40 41 42 46 47 48 49 50 51 53 54 55 56 58 61 62 63 64 65 131 68 69 70 71 73 74 76 77 81 83 90 91 92 93 94 97 99 100 101 104 105 107 108 110 111 116 117 119 122 123 124 127 128 132 133 135 136 137 138 139 140 141 142 144 145 149 150 151 152 153 156 158 159 160 163 165 167 169 172 173 175 177 178 180 182 183 190 196 197 198 199 200 201 203 205 207 209 210 211 214 220 221 222 223 227 228 229 230 231 236 239 241 243 245 246 248 249 250
37 30 39 40 41 42 44 45 46 47 48 49 50 51 53 54 55 56 58 60 61 62 63 64 65 131 67 68 69 70 71 73 74 76 77 81 83 86 89 90 91 92 93 94 97 99 100 101 104 105 106 107 108 110 111 114 116 117 119 120 122 123 124 127 128 132 133 135 136 137 138 139 140 141 142 144 145 149 150 151 152 153 155 156 157 158 159 160 163 165 166 167 169 170 172 173 175 177 178 180 181 182 183 184 186 188 190 191 194 196 197 198 199 200 201 203 205 206 207 209 210 211 214 218 220 221 222 223 226 227 228 229 230 231 232 233 236 237 239 240 241 242 243 245 246 248 249 250
38 28 39 40 41 42 44 45 46 47 48 49 50 51 53 54 55 56 58 60 61 62 63 64 65 131 67 68 69 70 71 73 74 76 77 81 83 86 89 90 91 92 93 94 97 99 100 101 104 105 106 107 108 110 111 114 116 117 119 120 122 123 124 127 128 132 133 135 136 137 138 139 140 141 142 144 145 149 150 151 152 153 155 156 157 158 159 160 163 165 166 167 169 170 172 173 175 177 178 180 181 182 183 186 188 190 191 194 196 197 198 199 200 201 203 205 206 207 209 210 211 214 218 220 221 222 223 226 227 228 229 230 231 232 236 237 239 240 241 242 243 245 246 248 249 250
39 53 66 40 41 42 43 44 45 46 47 48 49 50 51 52 53 54 55 56 57 58 59 60 61 62 63 64 65 130 131 67 68 69 70 71 72 73 74 75 76 77 78 79 80 81 82 83 84 85 86 87 88 89 90 91 92 93 94 95 96 97 98 99 100 101 102 103 104 105 106 107 108 109 110 111 112 113 114 115 116 117 118 119 120 121 122 123 124 125 126 127 128 129 132 133 134 135 136 137 138 139 140 141 142 143 144 145 146 147 148 149 150 151 152 153 154 155 156 157 158 159 160 161 162 163 164 165 166 167 168 169 170 171 172 173 174 175 176 177 178 179 180 181 182 183 184 185 186 187 188 189 190 191 192 193 194 195 196 197 198 199 200 201 202 203 204 205 206 207 208 209 210 211 212 213 214 215 216 217 218 219 220 221 222 223 224 225 226 227 228 229 230 231 232 233 234 235 236 237 238 239 240 241 242 243 244 245 246 247 248 249 250
40 83 66 41 42 43 44 45 46 47 48 49 50 51 52 53 54 55 56 57 58 59 60 61 62 63 64 65 130 131 67 68 69 70 71 72 73 74 75 76 77 78 79 80 81 82 83 84 85 86 87 88 89 90 91 92 93 94 95 96 97 98 99 100 101 102 103 104 105 106 107 108 109 110 111 112 113 114 115 116 117 118 119 120 121 122 123 124 125 126 127 128 129 132 133 134 135 136 137 138 139 140 141 142 143 144 145 146 147 148 149 150 151 152 153 154 155 156 157 158 159 160 161 162 163 164 165 166 167 168 169 170 171 172 173 174 175 176 177 178 179 180 181 182 183 184 185 186 187 188 189 190 191 192 193 194 195 196 197 198 199 200 201 202 203 204 205 206 207 208 209 210 211 212 213 214 215 216 217 218 219 220 221 222 223 224 225 226 227 228 229 230 231 232 233 234 235 236 237 238 239 240 241 242 243 244 245 246 247 248 249 250
41 41 66 42 43 44 45 46 47 48 49 50 51 52 53 54 55 56 57 58 59 60 61 62 63 64 65 130 131 67 68 69 70 71 72 73 74 75 76 77 78 79 80 81 82 83 84 85 86 87 88 89 90 91 92 93 94 95 96 97 98 99 100 101 102 103 104 105 106 107 108 109 110 111 112 113 114 115 116 117 118 119 120 121 122 123 124 125 126 127 128 129 132 133 134 135 136 137 138 139 140 141 142 143 144 145 146 147 148 149 150 151 152 153 154 155 156 157 158 159 160 161 162 163 164 165 166 167 168 169 170 171 172 173 174 175 176 177 178 179 180 181 182 183 184 185 186 187 188 189 190 191 192 193 194 195 196 197 198 199 200 201 202 203 204 205 206 207 208 209 210 211 212 213 214 215 216 217 218 219 220 221 222 223 224 225 226 227 228 229 230 231 232 233 234 235 236 237 238 239 240 241 242 243 244 245 246 247 248 249 250
42 54 66 43 44 45 46 47 48 49 50 51 52 53 54 55 56 57 58 59 60 61 62 63 64 65 130 131 67 68 69 70 71 72 73 74 75 76 77 78 79 80 81 82 83 84 85 86 87 88 89 90 91 92 93 94 95 96 97 98 99 100 101 102 103 104 105 106 107 108 109 110 111 112 113 114 115 116 117 118 119 120 121 122 123 124 125 126 127 128 129 132 133 134 135 136 137 138 139 140 141 142 143 144 145 146 147 148 149 150 151 152 153 154 155 156 157 158 159 160 161 162 163 164 165 166 167 168 169 170 171 172 173 174 175 176 177 178 179 180 181 182 183 184 185 186 187 188 189 190 191 192 193 194 195 196 197 198 199 200 201 202 203 204 205 206 207 208 209 210 211 212 213 214 215 216 217 218 219 220 221 222 223 224 225 226 227 228 229 230 231 232 233 234 235 236 237 238 239 240 241 242 243 244 245 246 247 248 249 250
43 89 46 47 49 50 51 53 54 56 58 61 62 63 64 65 131 68 69 70 71 73 74 76 77 81 83 90 91 92 94 99 101 104 105 107 108 110 111 116 119 122 123 124 127 128 132 133 136 137 139 140 141 142 144 145 149 150 152 153 156 159 160 165 167 169 172 173 175 177 178 180 182 183 190 196 197 198 200 201 203 205 207 209 210 211 214 220 223 227 228 229 230 231 236 239 241 243 245 246 248 249
44 32 66 45 46 47 48 49 50 51 53 54 55 56 58 60 61 62 63 64 65 131 67 68 69 70 71 73 74 76 77 81 83 84 86 88 89 90 91 92 93 94 97 98 99 100 101 104 105 106 107 108 109 110 111 112 114 116 117 118 119 120 122 123 124 127 128 132 133 135 136 137 138 139 140 141 142 144 145 146 147 148 149 150 151 152 153 155 156 157 158 159 160 163 165 166 167 169 170 171 172 173 175 177 178 180 181 182 183 184 185 186 188 190 191 194 195 196 197 198 199 200 201 203 205 206 207 208 209 210 211 214 215 218 219 220 221 222 223 225 226 227 228 229 230 231 232 233 234 235 236 237 239 240 241 242 243 245 246 248 249 250
45 49 66 46 47 48 49 50 51 53 54 55 56 58 60 61 62 63 64 65 131 67 68 69 70 71 73 74 76 77 81 83 84 86 88 89 90 91 92 93 94 97 98 99 100 101 104 105 106 107 108 109 110 111 114 116 117 119 120 122 123 124 127 128 132 133 135 136 137 138 139 140 141 142 144 145 146 147 149 150 151 152 153 155 156 157 158 159 160 163 165 166 167 169 170 171 172 173 175 177 178 180 181 182 183 184 186 188 190 191 194 195 196 197 198 199 200 201 203 205 206 207 208 209 210 211 214 218 219 220 221 222 223 225 226 227 228 229 230 231 232 233 234 235 236 237 239 240 241 242 243 245 246 248 249 250
46 40 66 47 48 49 50 51 52 53 54 55 56 57 58 59 60 61 62 63 64 65 130 131 67 68 69 70 71 72 73 74 75 76 77 78 79 80 81 82 83 84 85 86 87 88 89 90 91 92 93 94 95 96 97 98 99 100 101 102 103 104 105 106 107 108 109 110 111 112 113 114 115 116 117 118 119 120 121 122 123 124 125 126 127 128 129 132 133 134 135 136 137 138 139 140 141 142 143 144 145 146 147 148 149 150 151 152 153 154 155 156 157 158 159 160 161 162 163 165 166 167 168 169 170 171 172 173 174 175 176 177 178 179 180 181 182 183 184 185 186 187 188 189 190 191 192 193 194 195 196 197 198 199 200 201 202 203 204 205 206 207 208 209 210 211 212 213 214 215 216 217 218 219 220 221 222 223 224 225 226 227 228 229 230 231 232 233 234 235 236 237 238 239 240 241 242 243 244 245 246 247 248 249 250
47 80 66 48 49 50 51 52 53 54 55 56 57 58 59 60 61 62 63 64 65 130 131 67 68 69 70 71 72 73 74 75 76 77 78 79 80 81 82 83 84 85 86 87 88 89 90 91 92 93 94 95 96 97 98 99 100 101 102 103 104 105 106 107 108 109 110 111 112 113 114 115 116 117 118 119 120 121 122 123 124 125 126 127 128 129 132 133 134 135 136 137 138 139 140 141 142 143 144 145 146 147 148 149 150 151 152 153 154 155 156 157 158 159 160 161 162 163 164 165 166 167 168 169 170 171 172 173 174 175 176 177 178 179 180 181 182 183 184 185 186 187 188 189 190 191 192 193 194 195 196 197 198 199 200 201 202 203 204 205 206 207 208 209 210 211 212 213 214 215 216 217 218 219 220 221 222 223 224 225 226 227 228 229 230 231 232 233 234 235 236 237 238 239 240 241 242 243 244 245 246 247 248 249 250
48 63 66 49 50 51 52 53 54 55 56 57 58 59 60 61 62 63 64 65 130 131 67 68 69 70 71 73 74 75 76 77 78 81 83 84 86 88 89 90 91 92 93 94 95 97 98 99 100 101 104 105 106 107 108 109 110 111 112 113 114 115 116 117 118 119 120 122 123 124 127 128 132 133 135 136 137 138 139 140 141 142 144 145 146 147 148 149 150 151 152 153 154 155 156 157 158 159 160 161 163 165 166 167 168 169 170 171 172 173 174 175 176 177 178 180 181 182 183 184 185 186 188 189 190 191 194 195 196 197 198 199 200 201 202 203 205 206 207 208 209 210 211 213 214 215 218 219 220 221 222 223 225 226 227 228 229 230 231 232 233 234 235 236 237 238 239 240 241 242 243 245 246 248 249 250
49 89 66 50 51 52 53 54 55 56 57 58 59 60 61 62 63 64 65 130 131 67 68 69 70 71 72 73 74 75 76 77 78 79 80 81 82 83 84 85 86 87 88 89 90 91 92 93 94 95 96 97 98 99 100 101 102 103 104 105 106 107 108 109 110 111 112 113 114 115 116 117 118 119 120 121 122 123 124 125 126 127 128 129 132 133 134 135 136 137 138 139 140 141 142 143 144 145 146 147 148 149 150 151 152 153 154 155 156 157 158 159 160 161 162 163 164 165 166 167 168 169 170 171 172 173 174 175 176 177 178 179 180 181 182 183 184 185 186 187 188 189 190 191 192 193 194 195 196 197 198 199 200 201 202 203 204 205 206 207 208 209 210 211 212 213 214 215 216 217 218 219 220 221 222 223 224 225 226 227 228 229 230 231 232 233 234 235 236 237 238 239 240 241 242 243 244 245 246 247 248 249 250
50 74 66 51 52 53 54 55 56 57 58 59 60 61 62 63 64 65 130 131 67 68 69 70 71 72 73 74 75 76 77 78 79 80 81 82 83 84 85 86 87 88 89 90 91 92 93 94 95 96 97 98 99 100 101 102 103 104 105 106 107 108 109 110 111 112 113 114 115 116 117 118 119 120 121 122 123 124 125 126 127 128 129 132 133 134 135 136 137 138 139 140 141 142 143 144 145 146 147 148 149 150 151 152 153 154 155 156 157 158 159 160 161 162 163 164 165 166 167 168 169 170 171 172 173 174 175 176 177 178 179 180 181 182 183 184 185 186 187 188 189 190 191 192 193 194 195 196 197 198 199 200 201 202 203 204 205 206 207 208 209 210 211 212 213 214 215 216 217 218 219 220 221 222 223 224 225 226 227 228 229 230 231 232 233 234 235 236 237 238 239 240 241 242 243 244 245 246 247 248 249 250
51 89 66 52 53 54 55 56 57 58 59 60 61 62 63 64 65 130 131 67 68 69 70 71 72 73 74 75 76 77 78 79 80 81 82 83 84 85 86 87 88 89 90 91 92 93 94 95 96 97 98 99 100 101 102 103 104 105 106 107 108 109 110 111 112 113 114 115 116 117 118 119 120 121 122 123 124 125 126 127 128 129 132 133 134 135 136 137 138 139 140 141 142 143 144 145 146 147 148 149 150 151 152 153 154 155 156 157 158 159 160 161 162 163 164 165 166 167 168 169 170 171 172 173 174 175 176 177 178 179 180 181 182 183 184 185 186 187 188 189 190 191 192 193 194 195 196 197 198 199 200 201 202 203 204 205 206 207 208 209 210 211 212 213 214 215 216 217 218 219 220 221 222 223 224 225 226 227 228 229 230 231 232 233 234 235 236 237 238 239 240 241 242 243 244 245 246 247 248 249 250
52 20 53 54 55 56 58 61 62 63 64 65 131 68 69 70 71 73 74 76 77 81 83 86 90 91 92 93 94 97 99 100 101 104 105 107 108 110 111 114 116 117 119 122 123 124 127 128 132 133 135 136 137 138 139 140 141 142 144 145 149 150 151 152 153 156 158 159 160 163 165 166 167 169 170 172 173 175 177 178 180 181 182 183 190 196 197 198 199 200 201 203 205 206 207 209 210 211 214 220 221 222 223 227 228 229 230 231 236 237 239 241 242 243 245 246 248 249 250
53 25 66 54 55 56 57 58 59 60 61 62 63 64 65 130 131 67 68 69 70 71 72 73 74 75 76 77 78 79 80 81 82 83 84 85 86 87 88 89 90 91 92 93 94 95 96 97 98 99 100 101 102 103 104 105 106 107 108 109 110 111 112 113 114 115 116 117 118 119 120 121 122 123 124 125 126 127 128 129 132 133 134 135 136 137 138 139 140 141 142 143 144 145 146 147 148 149 150 151 152 153 154 155 156 157 158 159 160 161 162 163 164 165 166 167 168 169 170 171 172 173 174 175 176 177 178 179 180 181 182 183 184 185 186 187 188 189 190 191 192 193 194 195 196 197 198 199 200 201 202 203 204 205 206 207 208 209 210 211 212 213 214 215 216 217 218 219 220 221 222 223 224 225 226 227 228 229 230 231 232 233 234 235 236 237 238 239 240 241 242 243 244 245 246 247 248 249 250
54 75 66 55 56 57 58 59 60 61 62 63 64 65 130 131 67 68 69 70 71 72 73 74 75 76 77 78 79 80 81 82 83 84 85 86 87 88 89 90 91 92 93 94 95 96 97 98 99 100 101 102 103 104 105 106 107 108 109 110 111 112 113 114 115 116 117 118 119 120 121 122 123 124 125 126 127 128 129 132 133 134 135 136 137 138 139 140 141 142 143 144 145 146 147 148 149 150 151 152 153 154 155 156 157 158 159 160 161 162 163 164 165 166 167 168 169 170 171 172 173 174 175 176 177 178 179 180 181 182 183 184 185 186 187 188 189 190 191 192 193 194 195 196 197 198 199 200 201 202 203 204 205 206 207 208 209 210 211 212 213 214 215 216 217 218 219 220 221 222 223 224 225 226 227 228 229 230 231 232 233 234 235 236 237 238 239 240 241 242 243 244 245 246 247 248 249 250
55 31 66 56 57 58 59 60 61 62 63 64 65 130 131 67 68 69 70 71 73 74 75 76 77 78 81 83 84 86 87 88 89 90 91 92 93 94 95 97 98 99 100 101 104 105 106 107 108 109 110 111 112 113 114 115 116 117 118 119 120 121 122 123 124 126 127 128 132 133 134 135 136 137 138 139 140 141 142 144 145 146 147 148 149 150 151 152 153 154 155 156 157 158 159 160 161 163 165 166 167 168 169 170 171 172 173 174 175 176 177 178 180 181 182 183 184 185 186 188 189 190 191 194 195 196 197 198 199 200 201 202 203 204 205 206 207 208 209 210 211 212 213 214 215 217 218 219 220 221 222 223 225 226 227 228 229 230 231 232 233 234 235 236 237 238 239 240 241 242 243 245 246 247 248 249 250
56 56 66 57 58 59 60 61 62 63 64 65 130 131 67 68 69 70 71 72 73 74 75 76 77 78 79 80 81 82 83 84 85 86 87 88 89 90 91 92 93 94 95 96 97 98 99 100 101 102 103 104 105 106 107 108 109 110 111 112 113 114 115 116 117 118 119 120 121 122 123 124 125 126 127 128 129 132 133 134 135 136 137 138 139 140 141 142 143 144 145 146 147 148 149 150 151 152 153 154 155 156 157 158 159 160 161 162 163 164 165 166 167 168 169 170 171 172 173 174 175 176 177 178 179 180 181 182 183 184 185 186 187 188 189 190 191 192 193 194 195 196 197 198 199 200 201 202 203 204 205 206 207 208 209 210 211 212 213 214 215 216 217 218 219 220 221 222 223 224 225 226 227 228 229 230 231 232 233 234 235 236 237 238 239 240 241 242 243 244 245 246 247 248 249 250
57 92 58 61 62 63 64 65 131 68 69 70 71 73 74 76 77 81 83 90 91 92 93 94 97 99 100 101 104 105 107 108 110 111 116 117 119 122 123 124 127 128 132 133 135 136 137 139 140 141 142 144 145 149 150 151 152 153 156 158 159 160 163 165 167 169 172 173 175 177 178 180 182 183 190 196 197 198 199 200 201 203 205 207 209 210 211 214 220 221 222 223 227 228 229 230 231 236 239 241 243 245 246 248 249 250
58 85 66 59 60 61 62 63 64 65 130 131 67 68 69 70 71 72 73 74 75 76 77 78 79 80 81 82 83 84 85 86 87 88 89 90 91 92 93 94 95 96 97 98 99 100 101 102 103 104 105 106 107 108 109 110 111 112 113 114 115 116 117 118 119 120 121 122 123 124 125 126 127 128 129 132 133 134 135 136 137 138 139 140 141 142 143 144 145 146 147 148 149 150 151 152 153 154 155 156 157 158 159 160 161 162 163 164 165 166 167 168 169 170 171 172 173 174 175 176 177 178 179 180 181 182 183 184 185 186 187 188 189 190 191 192 193 194 195 196 197 198 199 200 201 202 203 204 205 206 207 208 209 210 211 212 213 214 215 216 217 218 219 220 221 222 223 224 225 226 227 228 229 230 231 232 233 234 235 236 237 238 239 240 241 242 243 244 245 246 247 248 249 250
59 40 61 62 63 64 65 131 68 69 70 71 73 74 76 77 81 83 90 91 92 93 94 97 99 101 104 105 107 108 110 111 116 117 119 122 123 124 127 128 132 133 135 136 137 139 140 141 142 144 145 149 150 152 153 156 158 159 160 163 165 167 169 172 173 175 177 178 180 182 183 190 196 197 198 199 200 201 203 205 207 209 210 211 214 220 221 222 223 227 228 229 230 231 236 239 241 243 245 246 248 249 250
60 97 66 61 62 63 64 65 130 131 67 68 69 70 71 73 74 75 76 77 78 81 83 84 86 88 89 90 91 92 93 94 97 98 99 100 101 104 105 106 107 108 109 110 111 112 114 116 117 118 119 120 122 123 124 127 128 132 133 135 136 137 138 139 140 141 142 144 145 146 147 148 149 150 151 152 153 155 156 157 158 159 160 163 165 166 167 169 170 171 172 173 174 175 176 177 178 180 181 182 183 184 185 186 188 190 191 194 195 196 197 198 199 200 201 203 205 206 207 208 209 210 211 214 215 218 219 220 221 222 223 225 226 227 228 229 230 231 232 233 234 235 236 237 238 239 240 241 242 243 245 246 248 249 250
61 56 66 62 63 64 65 130 131 67 68 69 70 71 72 73 74 75 76 77 78 79 80 81 82 83 84 85 86 87 88 89 90 91 92 93 94 95 96 97 98 99 100 101 102 103 104 105 106 107 108 109 110 111 112 113 114 115 116 117 118 119 120 121 122 123 124 125 126 127 128 129 132 133 134 135 136 137 138 139 140 141 142 143 144 145 146 147 148 149 150 151 152 153 154 155 156 157 158 159 160 161 162 163 164 165 166 167 168 169 170 171 172 173 174 175 176 177 178 179 180 181 182 183 184 185 186 187 188 189 190 191 192 193 194 195 196 197 198 199 200 201 202 203 204 205 206 207 208 209 210 211 212 213 214 215 216 217 218 219 220 221 222 223 224 225 226 227 228 229 230 231 232 233 234 235 236 237 238 239 240 241 242 243 244 245 246 247 248 249 250
62 100 66 63 64 65 130 131 67 68 69 70 71 72 73 74 75 76 77 78 81 82 83 84 86 87 88 89 90 91 92 93 94 95 96 97 98 99 100 101 102 103 104 105 106 107 108 109 110 111 112 113 114 115 116 117 118 119 120 121 122 123 124 126 127 128 129 132 133 134 135 136 137 138 139 140 141 142 144 145 146 147 148 149 150 151 152 153 154 155 156 157 158 159 160 161 162 163 165 166 167 168 169 170 171 172 173 174 175 176 177 178 180 181 182 183 184 185 186 188 189 190 191 193 194 195 196 197 198 199 200 201 202 203 204 205 206 207 208 209 210 211 212 213 214 215 216 217 218 219 220 221 222 223 224 225 226 227 228 229 230 231 232 233 234 235 236 237 238 239 240 241 242 243 244 245 246 247 248 249 250
63 55 66 64 65 130 131 67 68 69 70 71 72 73 74 75 76 77 78 79 80 81 82 83 84 85 86 87 88 89 90 91 92 93 94 95 96 97 98 99 100 101 102 103 104 105 106 107 108 109 110 111 112 113 114 115 116 117 118 119 120 121 122 123 124 125 126 127 128 129 132 133 134 135 136 137 138 139 140 141 142 143 144 145 146 147 148 149 150 151 152 153 154 155 156 157 158 159 160 161 162 163 164 165 166 167 168 169 170 171 172 173 174 175 176 177 178 179 180 181 182 183 184 185 186 187 188 189 190 191 192 193 194 195 196 197 198 199 200 201 202 203 204 205 206 207 208 209 210 211 212 213 214 215 216 217 218 219 220 221 222 223 224 225 226 227 228 229 230 231 232 233 234 235 236 237 238 239 240 241 242 243 244 245 246 247 248 249 250
64 35 66 65 130 131 67 68 69 70 71 72 73 74 75 76 77 78 79 80 81 82 83 84 85 86 87 88 89 90 91 92 93 94 95 96 97 98 99 100 101 102 103 104 105 106 107 108 109 110 111 112 113 114 115 116 117 118 119 120 121 122 123 124 125 126 127 128 129 132 133 134 135 136 137 138 139 140 141 142 143 144 145 146 147 148 149 150 151 152 153 154 155 156 157 158 159 160 161 162 163 164 165 166 167 168 169 170 171 172 173 174 175 176 177 178 179 180 181 182 183 184 185 186 187 188 189 190 191 192 193 194 195 196 197 198 199 200 201 202 203 204 205 206 207 208 209 210 211 212 213 214 215 216 217 218 219 220 221 222 223 224 225 226 227 228 229 230 231 232 233 234 235 236 237 238 239 240 241 242 243 244 245 246 247 248 249 250
65 27 66 130 131 67 68 69 70 71 72 73 74 75 76 77 78 79 80 81 82 83 84 85 86 87 88 89 90 91 92 93 94 95 96 97 98 99 100 101 102 103 104 105 106 107 108 109 110 111 112 113 114 115 116 117 118 119 120 121 122 123 124 125 126 127 128 129 132 133 134 135 136 137 138 139 140 141 142 143 144 145 146 147 148 149 150 151 152 153 154 155 156 157 158 159 160 161 162 163 164 165 166 167 168 169 170 171 172 173 174 175 176 177 178 179 180 181 182 183 184 185 186 187 188 189 190 191 192 193 194 195 196 197 198 199 200 201 202 203 204 205 206 207 208 209 210 211 212 213 214 215 216 217 218 219 220 221 222 223 224 225 226 227 228 229 230 231 232 233 234 235 236 237 238 239 240 241 242 243 244 245 246 247 248 249 250
66 96 131 68 69 70 71 73 74 76 77 81 83 86 90 91 92 93 94 97 99 100 101 104 105 107 108 110 111 114 116 117 119 120 122 123 124 127 128 132 133 135 136 137 138 139 140 141 142 144 145 149 150 151 152 153 155 156 157 158 159 160 163 165 166 167 169 170 172 173 175 177 178 180 181 182 183 186 190 191 196 197 198 199 200 201 203 205 206 207 209 210 211 214 218 220 221 222 223 227 228 229 230 231 232 236 237 239 240 241 242 243 245 246 248 249 250
67 89 131 68 69 70 71 73 74 76 77 81 83 86 89 90 91 92 93 94 97 99 100 101 104 105 106 107 108 110 111 114 116 117 119 120 122 123 124 127 128 132 133 135 136 137 138 139 140 141 142 144 145 146 149 150 151 152 153 155 156 157 158 159 160 163 165 166 167 169 170 171 172 173 175 177 178 180 181 182 183 184 186 188 190 191 194 195 196 197 198 199 200 201 203 205 206 207 209 210 211 214 218 219 220 221 222 223 225 226 227 228 229 230 231 232 233 234 236 237 239 240 241 242 243 245 246 248 249 250
68 29 130 131 69 70 71 72 73 74 75 76 77 78 79 80 81 82 83 84 85 86 87 88 89 90 91 92 93 94 95 96 97 98 99 100 101 102 103 104 105 106 107 108 109 110 111 112 113 114 115 116 117 118 119 120 121 122 123 124 125 126 127 128 129 132 133 134 135 136 137 138 139 140 141 142 143 144 145 146 147 148 149 150 151 152 153 154 155 156 157 158 159 160 161 162 163 164 165 166 167 168 169 170 171 172 173 174 175 176 177 178 179 180 181 182 183 184 185 186 187 188 189 190 191 192 193 194 195 196 197 198 199 200 201 202 203 204 205 206 207 208 209 210 211 212 213 214 215 216 217 218 219 220 221 222 223 224 225 226 227 228 229 230 231 232 233 234 235 236 237 238 239 240 241 242 243 244 245 246 247 248 249 250
69 44 130 131 70 71 72 73 74 75 76 77 78 79 80 81 82 83 84 85 86 87 88 89 90 91 92 93 94 95 96 97 98 99 100 101 102 103 104 105 106 107 108 109 110 111 112 113 114 115 116 117 118 119 120 121 122 123 124 125 126 127 128 129 132 133 134 135 136 137 138 139 140 141 142 143 144 145 146 147 148 149 150 151 152 153 154 155 156 157 158 159 160 161 162 163 164 165 166 167 168 169 170 171 172 173 174 175 176 177 178 179 180 181 182 183 184 185 186 187 188 189 190 191 192 193 194 195 196 197 198 199 200 201 202 203 204 205 206 207 208 209 210 211 212 213 214 215 216 217 218 219 220 221 222 223 224 225 226 227 228 229 230 231 232 233 234 235 236 237 238 239 240 241 242 243 244 245 246 247 248 249 250
70 26 130 131 71 72 73 74 75 76 77 78 79 80 81 82 83 84 85 86 87 88 89 90 91 92 93 94 95 96 97 98 99 100 101 102 103 104 105 106 107 108 109 110 111 112 113 114 115 116 117 118 119 120 121 122 123 124 125 126 127 128 129 132 133 134 135 136 137 138 139 140 141 142 143 144 145 146 147 148 149 150 151 152 153 154 155 156 157 158 159 160 161 162 163 165 166 167 168 169 170 171 172 173 174 175 176 177 178 179 180 181 182 183 184 185 186 187 188 189 190 191 192 193 194 195 196 197 198 199 200 201 202 203 204 205 206 207 208 209 210 211 212 213 214 215 216 217 218 219 220 221 222 223 224 225 226 227 228 229 230 231 232 233 234 235 236 237 238 239 240 241 242 243 244 245 246 247 248 249 250
71 49 130 131 72 73 74 75 76 77 78 79 80 81 82 83 84 85 86 87 88 89 90 91 92 93 94 95 96 97 98 99 100 101 102 103 104 105 106 107 108 109 110 111 112 113 114 115 116 117 118 119 120 121 122 123 124 125 126 127 128 129 132 133 134 135 136 137 138 139 140 141 142 143 144 145 146 147 148 149 150 151 152 153 154 155 156 157 158 159 160 161 162 163 164 165 166 167 168 169 170 171 172 173 174 175 176 177 178 179 180 181 182 183 184 185 186 187 188 189 190 191 192 193 194 195 196 197 198 199 200 201 202 203 204 205 206 207 208 209 210 211 212 213 214 215 216 217 218 219 220 221 222 223 224 225 226 227 228 229 230 231 232 233 234 235 236 237 238 239 240 241 242 243 244 245 246 247 248 249 250
72 73 131 73 74 76 77 81 83 90 91 92 94 99 101 104 105 107 108 110 111 116 119 122 123 124 127 128 132 133 136 137 139 140 141 142 144 145 149 150 152 153 156 159 160 165 167 169 172 173 175 177 178 180 182 183 190 196 197 198 200 201 203 205 207 209 210 211 214 220 223 227 228 229 230 231 236 239 241 243 245 246 248 249
73 72 130 131 74 75 76 77 78 79 80 81 82 83 84 85 86 87 88 89 90 91 92 93 94 95 96 97 98 99 100 101 102 103 104 105 106 107 108 109 110 111 112 113 114 115 116 117 118 119 120 121 122 123 124 125 126 127 128 129 132 133 134 135 136 137 138 139 140 141 142 143 144 145 146 147 148 149 150 151 152 153 154 155 156 157 158 159 160 161 162 163 164 165 166 167 168 169 170 171 172 173 174 175 176 177 178 179 180 181 182 183 184 185 186 187 188 189 190 191 192 193 194 195 196 197 198 199 200 201 202 203 204 205 206 207 208 209 210 211 212 213 214 215 216 217 218 219 220 221 222 223 224 225 226 227 228 229 230 231 232 233 234 235 236 237 238 239 240 241 242 243 244 245 246 247 248 249 250
74 50 130 131 75 76 77 78 79 80 81 82 83 84 85 86 87 88 89 90 91 92 93 94 95 96 97 98 99 100 101 102 103 104 105 106 107 108 109 110 111 112 113 114 115 116 117 118 119 120 121 122 123 124 125 126 127 128 129 132 133 134 135 136 137 138 139 140 141 142 143 144 145 146 147 148 149 150 151 152 153 154 155 156 157 158 159 160 161 162 163 164 165 166 167 168 169 170 171 172 173 174 175 176 177 178 179 180 181 182 183 184 185 186 187 188 189 190 191 192 193 194 195 196 197 198 199 200 201 202 203 204 205 206 207 208 209 210 211 212 213 214 215 216 217 218 219 220 221 222 223 224 225 226 227 228 229 230 231 232 233 234 235 236 237 238 239 240 241 242 243 244 245 246 247 248 249 250
75 52 131 76 77 81 83 86 90 91 92 93 94 97 99 100 101 104 105 107 108 110 111 114 116 117 119 122 123 124 127 128 132 133 135 136 137 138 139 140 141 142 144 145 149 150 151 152 153 156 158 159 160 163 165 166 167 169 170 172 173 175 177 178 180 181 182 183 186 190 196 197 198 199 200 201 203 205 206 207 209 210 211 214 220 221 222 223 227 228 229 230 231 236 237 239 241 242 243 245 246 248 249 250
76 77 130 131 77 78 79 80 81 82 83 84 85 86 87 88 89 90 91 92 93 94 95 96 97 98 99 100 101 102 103 104 105 106 107 108 109 110 111 112 113 114 115 116 117 118 119 120 121 122 123 124 125 126 127 128 129 132 133 134 135 136 137 138 139 140 141 142 143 144 145 146 147 148 149 150 151 152 153 154 155 156 157 158 159 160 161 162 163 164 165 166 167 168 169 170 171 172 173 174 175 176 177 178 179 180 181 182 183 184 185 186 187 188 189 190 191 192 193 194 195 196 197 198 199 200 201 202 203 204 205 206 207 208 209 210 211 212 213 214 215 216 217 218 219 220 221 222 223 224 225 226 227 228 229 230 231 232 233 234 235 236 237 238 239 240 241 242 243 244 245 246 247 248 249 250
77 35 130 131 78 79 80 81 82 83 84 85 86 87 88 89 90 91 92 93 94 95 96 97 98 99 100 101 102 103 104 105 106 107 108 109 110 111 112 113 114 115 116 117 118 119 120 121 122 123 124 125 126 127 128 129 132 133 134 135 136 137 138 139 140 141 142 143 144 145 146 147 148 149 150 151 152 153 154 155 156 157 158 159 160 161 162 163 164 165 166 167 168 169 170 171 172 173 174 175 176 177 178 179 180 181 182 183 184 185 186 187 188 189 190 191 192 193 194 195 196 197 198 199 200 201 202 203 204 205 206 207 208 209 210 211 212 213 214 215 216 217 218 219 220 221 222 223 224 225 226 227 228 229 230 231 232 233 234 235 236 237 238 239 240 241 242 243 244 245 246 247 248 249 250
78 97 131 81 83 86 90 91 92 93 94 97 99 100 101 104 105 107 108 110 111 114 116 117 119 122 123 124 127 128 132 133 135 136 137 138 139 140 141 142 144 145 149 150 151 152 153 156 158 159 160 163 165 166 167 169 170 172 173 175 177 178 180 181 182 183 190 196 197 198 199 200 201 203 205 206 207 209 210 211 214 220 221 222 223 227 228 229 230 231 236 237 239 241 242 243 245 246 248 249 250
79 79 131 81 83 91 92 94 99 101 104 105 107 108 111 116 119 122 123 124 127 128 132 136 137 139 140 141 142 144 145 149 150 152 153 156 159 167 169 172 173 175 177 178 180 182 183 190 196 198 201 203 205 207 209 210 220 223 227 228 229 230 236 239 243 245 246 248 249
80 45 131 81 83 91 92 94 99 101 104 105 107 108 111 116 119 122 123 124 127 128 132 136 137 139 140 141 142 144 145 149 150 152 153 156 159 167 169 172 173 175 177 178 180 182 183 190 196 198 201 203 205 207 209 210 220 223 227 228 229 230 236 239 241 243 245 246 248 249
81 75 130 131 82 83 84 85 86 87 88 89 90 91 92 93 94 95 96 97 98 99 100 101 102 103 104 105 106 107 108 109 110 111 112 113 114 115 116 117 118 119 120 121 122 123 124 125 126 127 128 129 132 133 134 135 136 137 138 139 140 141 142 143 144 145 146 147 148 149 150 151 152 153 154 155 156 157 158 159 160 161 162 163 164 165 166 167 168 169 170 171 172 173 174 175 176 177 178 179 180 181 182 183 184 185 186 187 188 189 190 191 192 193 194 195 196 197 198 199 200 201 202 203 204 205 206 207 208 209 210 211 212 213 214 215 216 217 218 219 220 221 222 223 224 225 226 227 228 229 230 231 232 233 234 235 236 237 238 239 240 241 242 243 244 245 246 247 248 249 250
82 62 131 83 90 91 92 94 99 101 104 105 107 108 111 116 119 122 123 124 127 128 132 136 137 139 140 141 142 144 145 149 150 152 153 156 159 160 167 169 172 173 175 177 178 180 182 183 190 196 198 201 203 205 207 209 210 211 214 220 223 227 228 229 230 231 236 239 241 243 245 246 248 249
83 91 130 131 84 85 86 87 88 89 90 91 92 93 94 95 96 97 98 99 100 101 102 103 104 105 106 107 108 109 110 111 112 113 114 115 116 117 118 119 120 121 122 123 124 125 126 127 128 129 132 133 134 135 136 137 138 139 140 141 142 143 144 145 146 147 148 149 150 151 152 153 154 155 156 157 158 159 160 161 162 163 164 165 166 167 168 169 170 171 172 173 174 175 176 177 178 179 180 181 182 183 184 185 186 187 188 189 190 191 192 193 194 195 196 197 198 199 200 201 202 203 204 205 206 207 208 209 210 211 212 213 214 215 216 217 218 219 220 221 222 223 224 225 226 227 228 229 230 231 232 233 234 235 236 237 238 239 240 241 242 243 244 245 246 247 248 249 250
84 50 131 86 90 91 92 93 94 97 99 100 101 104 105 107 108 110 111 114 116 117 119 122 123 124 127 128 132 133 135 136 137 138 139 140 141 142 144 145 149 150 151 152 153 155 156 157 158 159 160 163 165 166 167 169 170 172 173 175 177 178 180 181 182 183 186 190 191 196 197 198 199 200 201 203 205 206 207 209 210 211 214 220 221 222 223 227 228 229 230 231 232 236 237 239 240 241 242 243 245 246 248 249 250
85 37 131 91 92 94 99 101 104 105 107 108 111 116 119 122 123 124 127 128 132 136 137 139 140 141 142 144 145 149 150 152 153 156 159 167 169 172 173 175 177 178 180 182 183 190 196 198 201 203 205 207 209 210 220 223 227 228 229 230 236 239 243 245 246 248 249
86 25 130 131 88 89 90 91 92 93 94 95 97 98 99 100 101 104 105 106 107 108 109 110 111 112 114 115 116 117 118 119 120 122 123 124 127 128 132 133 135 136 137 138 139 140 141 142 144 145 146 147 148 149 150 151 152 153 155 156 157 158 159 160 163 165 166 167 168 169 170 171 172 173 174 175 176 177 178 180 181 182 183 184 185 186 188 190 191 194 195 196 197 198 199 200 201 202 203 205 206 207 208 209 210 211 213 214 215 218 219 220 221 222 223 225 226 227 228 229 230 231 232 233 234 235 236 237 238 239 240 241 242 243 245 246 248 249 250
87 65 131 90 91 92 94 99 101 104 105 107 108 110 111 116 119 122 123 124 127 128 132 133 135 136 137 139 140 141 142 144 145 149 150 152 153 156 158 159 160 163 165 167 169 172 173 175 177 178 180 182 183 190 196 197 198 200 201 203 205 207 209 210 211 214 220 221 223 227 228 229 230 231 236 239 241 243 245 246 248 249 250
88 97 131 90 91 92 93 94 97 99 100 101 104 105 107 108 110 111 114 116 117 119 122 123 124 127 128 132 133 135 136 137 138 139 140 141 142 144 145 149 150 151 152 153 155 156 158 159 160 163 165 166 167 169 170 172 173 175 177 178 180 181 182 183 186 190 191 196 197 198 199 200 201 203 205 206 207 209 210 211 214 220 221 222 223 227 228 229 230 231 232 236 237 239 240 241 242 243 245 246 248 249 250
89 62 131 90 91 92 93 94 97 99 100 101 104 105 106 107 108 110 111 114 116 117 119 120 122 123 124 127 128 132 133 135 136 137 138 139 140 141 142 144 145 146 149 150 151 152 153 155 156 157 158 159 160 163 165 166 167 169 170 171 172 173 175 177 178 180 181 182 183 184 186 188 190 191 194 195 196 197 198 199 200 201 203 205 206 207 209 210 211 214 218 219 220 221 222 223 225 226 227 228 229 230 231 232 233 234 236 237 239 240 241 242 243 245 246 248 249 250
90 74 130 131 91 92 93 94 95 96 97 98 99 100 101 102 103 104 105 106 107 108 109 110 111 112 113 114 115 116 117 118 119 120 121 122 123 124 126 127 128 129 132 133 134 135 136 137 138 139 140 141 142 144 145 146 147 148 149 150 151 152 153 154 155 156 157 158 159 160 161 162 163 165 166 167 168 169 170 171 172 173 174 175 176 177 178 179 180 181 182 183 184 185 186 188 189 190 191 193 194 195 196 197 198 199 200 201 202 203 204 205 206 207 208 209 210 211 212 213 214 215 216 217 218 219 220 221 222 223 224 225 226 227 228 229 230 231 232 233 234 235 236 237 238 239 240 241 242 243 244 245 246 247 248 249 250
91 81 130 131 92 93 94 95 96 97 98 99 100 101 102 103 104 105 106 107 108 109 110 111 112 113 114 115 116 117 118 119 120 121 122 123 124 125 126 127 128 129 132 133 134 135 136 137 138 139 140 141 142 143 144 145 146 147 148 149 150 151 152 153 154 155 156 157 158 159 160 161 162 163 164 165 166 167 168 169 170 171 172 173 174 175 176 177 178 179 180 181 182 183 184 185 186 187 188 189 190 191 192 193 194 195 196 197 198 199 200 201 202 203 204 205 206 207 208 209 210 211 212 213 214 215 216 217 218 219 220 221 222 223 224 225 226 227 228 229 230 231 232 233 234 235 236 237 238 239 240 241 242 243 244 245 246 247 248 249 250
92 72 130 131 93 94 95 96 97 98 99 100 101 102 103 104 105 106 107 108 109 110 111 112 113 114 115 116 117 118 119 120 121 122 123 124 125 126 127 128 129 132 133 134 135 136 137 138 139 140 141 142 143 144 145 146 147 148 149 150 151 152 153 154 155 156 157 158 159 160 161 162 163 164 165 166 167 168 169 170 171 172 173 174 175 176 177 178 179 180 181 182 183 184 185 186 187 188 189 190 191 192 193 194 195 196 197 198 199 200 201 202 203 204 205 206 207 208 209 210 211 212 213 214 215 216 217 218 219 220 221 222 223 224 225 226 227 228 229 230 231 232 233 234 235 236 237 238 239 240 241 242 243 244 245 246 247 248 249 250
93 100 130 131 94 95 97 98 99 100 101 104 105 106 107 108 109 110 111 112 113 114 115 116 117 118 119 120 122 123 124 127 128 132 133 135 136 137 138 139 140 141 142 144 145 146 147 148 149 150 151 152 153 154 155 156 157 158 159 160 161 163 165 166 167 168 169 170 171 172 173 174 175 176 177 178 180 181 182 183 184 185 186 188 189 190 191 194 195 196 197 198 199 200 201 202 203 204 205 206 207 208 209 210 211 212 213 214 215 218 219 220 221 222 223 225 226 227 228 229 230 231 232 233 234 235 236 237 238 239 240 241 242 243 245 246 248 249 250
94 57 130 131 95 96 97 98 99 100 101 102 103 104 105 106 107 108 109 110 111 112 113 114 115 116 117 118 119 120 121 122 123 124 125 126 127 128 129 132 133 134 135 136 137 138 139 140 141 142 143 144 145 146 147 148 149 150 151 152 153 154 155 156 157 158 159 160 161 162 163 164 165 166 167 168 169 170 171 172 173 174 175 176 177 178 179 180 181 182 183 184 185 186 187 188 189 190 191 192 193 194 195 196 197 198 199 200 201 202 203 204 205 206 207 208 209 210 211 212 213 214 215 216 217 218 219 220 221 222 223 224 225 226 227 228 229 230 231 232 233 234 235 236 237 238 239 240 241 242 243 244 245 246 247 248 249 250
95 49 131 97 99 100 101 104 105 107 108 110 111 114 116 117 119 122 123 124 127 128 132 133 135 136 137 138 139 140 141 142 144 145 149 150 151 152 153 156 158 159 160 163 165 166 167 169 170 172 173 175 177 178 180 181 182 183 190 196 197 198 199 200 201 203 205 206 207 209 210 211 214 220 221 222 223 227 228 229 230 231 236 237 239 241 242 243 245 246 248 249 250
96 83 131 99 101 104 105 107 108 110 111 116 119 122 123 124 127 128 132 133 136 137 139 140 141 142 144 145 149 150 152 153 156 159 160 165 167 169 172 173 175 177 178 180 182 183 190 196 197 198 200 201 203 205 207 209 210 211 214 220 223 227 228 229 230 231 236 239 241 243 245 246 248 249
97 23 130 131 98 99 100 101 104 105 106 107 108 109 110 111 112 114 115 116 117 118 119 120 122 123 124 127 128 132 133 135 136 137 138 139 140 141 142 144 145 146 147 148 149 150 151 152 153 154 155 156 157 158 159 160 161 163 165 166 167 168 169 170 171 172 173 174 175 176 177 178 180 181 182 183 184 185 186 188 190 191 194 195 196 197 198 199 200 201 202 203 205 206 207 208 209 210 211 213 214 215 218 219 220 221 222 223 225 226 227 228 229 230 231 232 233 234 235 236 237 238 239 240 241 242 243 245 246 248 249 250
98 92 131 99 100 101 104 105 107 108 110 111 114 116 117 119 122 123 124 127 128 132 133 135 136 137 138 139 140 141 142 144 145 149 150 151 152 153 155 156 158 159 160 163 165 166 167 169 170 172 173 175 177 178 180 181 182 183 186 190 191 196 197 198 199 200 201 203 205 206 207 209 210 211 214 220 221 222 223 227 228 229 230 231 232 236 237 239 240 241 242 243 245 246 248 249 250
99 63 130 131 100 101 102 103 104 105 106 107 108 109 110 111 112 113 114 115 116 117 118 119 120 121 122 123 124 125 126 127 128 129 132 133 134 135 136 137 138 139 140 141 142 143 144 145 146 147 148 149 150 151 152 153 154 155 156 157 158 159 160 161 162 163 164 165 166 167 168 169 170 171 172 173 174 175 176 177 178 179 180 181 182 183 184 185 186 187 188 189 190 191 192 193 194 195 196 197 198 199 200 201 202 203 204 205 206 207 208 209 210 211 212 213 214 215 216 217 218 219 220 221 222 223 224 225 226 227 228 229 230 231 232 233 234 235 236 237 238 239 240 241 242 243 244 245 246 247 248 249 250
100 55 130 131 101 104 105 106 107 108 109 110 111 112 114 115 116 117 118 119 120 122 123 124 127 128 132 133 135 136 137 138 139 140 141 142 144 145 146 147 148 149 150 151 152 153 155 156 157 158 159 160 161 163 165 166 167 168 169 170 171 172 173 174 175 176 177 178 180 181 182 183 184 185 186 188 190 191 194 195 196 197 198 199 200 201 202 203 205 206 207 208 209 210 211 213 214 215 218 219 220 221 222 223 225 226 227 228 229 230 231 232 233 234 235 236 237 238 239 240 241 242 243 245 246 248 249 250
101 81 130 131 102 103 104 105 106 107 108 109 110 111 112 113 114 115 116 117 118 119 120 121 122 123 124 125 126 127 128 129 132 133 134 135 136 137 138 139 140 141 142 143 144 145 146 147 148 149 150 151 152 153 154 155 156 157 158 159 160 161 162 163 164 165 166 167 168 169 170 171 172 173 174 175 176 177 178 179 180 181 182 183 184 185 186 187 188 189 190 191 192 193 194 195 196 197 198 199 200 201 202 203 204 205 206 207 208 209 210 211 212 213 214 215 216 217 218 219 220 221 222 223 224 225 226 227 228 229 230 231 232 233 234 235 236 237 238 239 240 241 242 243 244 245 246 247 248 249 250
102 64 131 104 105 107 108 110 111 116 119 122 123 124 127 128 132 133 136 137 139 140 141 142 144 145 149 150 152 153 156 159 160 165 167 169 172 173 175 177 178 180 182 183 190 196 197 198 200 201 203 205 207 209 210 211 214 220 223 227 228 229 230 231 236 239 241 243 245 246 248 249
103 88 131 104 105 107 108 110 111 116 119 122 123 124 127 128 132 133 136 137 139 140 141 142 144 145 149 150 152 153 156 158 159 160 165 167 169 172 173 175 177 178 180 182 183 190 196 197 198 200 201 203 205 207 209 210 211 214 220 223 227 228 229 230 231 236 239 241 243 245 246 248 249
104 50 130 131 105 106 107 108 109 110 111 112 113 114 115 116 117 118 119 120 121 122 123 124 125 126 127 128 129 132 133 134 135 136 137 138 139 140 141 142 143 144 145 146 147 148 149 150 151 152 153 154 155 156 157 158 159 160 161 162 163 164 165 166 167 168 169 170 171 172 173 174 175 176 177 178 179 180 181 182 183 184 185 186 187 188 189 190 191 192 193 194 195 196 197 198 199 200 201 202 203 204 205 206 207 208 209 210 211 212 213 214 215 216 217 218 219 220 221 222 223 224 225 226 227 228 229 230 231 232 233 234 235 236 237 238 239 240 241 242 243 244 245 246 247 248 249 250
105 74 130 131 106 107 108 109 110 111 112 113 114 115 116 117 118 119 120 121 122 123 124 125 126 127 128 129 132 133 134 135 136 137 138 139 140 141 142 143 144 145 146 147 148 149 150 151 152 153 154 155 156 157 158 159 160 161 162 163 164 165 166 167 168 169 170 171 172 173 174 175 176 177 178 179 180 181 182 183 184 185 186 187 188 189 190 191 192 193 194 195 196 197 198 199 200 201 202 203 204 205 206 207 208 209 210 211 212 213 214 215 216 217 218 219 220 221 222 223 224 225 226 227 228 229 230 231 232 233 234 235 236 237 238 239 240 241 242 243 244 245 246 247 248 249 250
106 52 131 107 108 110 111 114 116 117 119 120 122 123 124 127 128 132 133 135 136 137 138 139 140 141 142 144 145 146 149 150 151 152 153 155 156 157 158 159 160 163 165 166 167 169 170 171 172 173 175 177 178 180 181 182 183 184 186 188 190 191 194 195 196 197 198 199 200 201 203 205 206 207 209 210 211 214 218 219 220 221 222 223 225 226 227 228 229 230 231 232 233 234 236 237 239 240 241 242 243 245 246 248 249 250
107 25 130 131 108 109 110 111 112 113 114 115 116 117 118 119 120 121 122 123 124 125 126 127 128 129 132 133 134 135 136 137 138 139 140 141 142 143 144 145 146 147 148 149 150 151 152 153 154 155 156 157 158 159 160 161 162 163 164 165 166 167 168 169 170 171 172 173 174 175 176 177 178 179 180 181 182 183 184 185 186 187 188 189 190 191 192 193 194 195 196 197 198 199 200 201 202 203 204 205 206 207 208 209 210 211 212 213 214 215 216 217 218 219 220 221 222 223 224 225 226 227 228 229 230 231 232 233 234 235 236 237 238 239 240 241 242 243 244 245 246 247 248 249 250
108 97 130 131 109 110 111 112 113 114 115 116 117 118 119 120 121 122 123 124 125 126 127 128 129 132 133 134 135 136 137 138 139 140 141 142 143 144 145 146 147 148 149 150 151 152 153 154 155 156 157 158 159 160 161 162 163 164 165 166 167 168 169 170 171 172 173 174 175 176 177 178 179 180 181 182 183 184 185 186 187 188 189 190 191 192 193 194 195 196 197 198 199 200 201 202 203 204 205 206 207 208 209 210 211 212 213 214 215 216 217 218 219 220 221 222 223 224 225 226 227 228 229 230 231 232 233 234 235 236 237 238 239 240 241 242 243 244 245 246 247 248 249 250
109 48 131 110 111 114 116 117 119 120 122 123 124 127 128 132 133 135 136 137 138 139 140 141 142 144 145 149 150 151 152 153 155 156 157 158 159 160 163 165 166 167 169 170 172 173 175 177 178 180 181 182 183 186 190 191 196 197 198 199 200 201 203 205 206 207 209 210 211 214 218 220 221 222 223 226 227 228 229 230 231 232 236 237 239 240 241 242 243 245 246 248 249 250
110 43 130 131 111 112 113 114 115 116 117 118 119 120 121 122 123 124 126 127 128 129 132 133 134 135 136 137 138 139 140 141 142 144 145 146 147 148 149 150 151 152 153 154 155 156 157 158 159 160 161 162 163 165 166 167 168 169 170 171 172 173 174 175 176 177 178 180 181 182 183 184 185 186 188 189 190 191 193 194 195 196 197 198 199 200 201 202 203 204 205 206 207 208 209 210 211 212 213 214 215 216 217 218 219 220 221 222 223 224 225 226 227 228 229 230 231 232 233 234 235 236 237 238 239 240 241 242 243 244 245 246 247 248 249 250
111 49 130 131 112 113 114 115 116 117 118 119 120 121 122 123 124 125 126 127 128 129 132 133 134 135 136 137 138 139 140 141 142 143 144 145 146 147 148 149 150 151 152 153 154 155 156 157 158 159 160 161 162 163 164 165 166 167 168 169 170 171 172 173 174 175 176 177 178 179 180 181 182 183 184 185 186 187 188 189 190 191 192 193 194 195 196 197 198 199 200 201 202 203 204 205 206 207 208 209 210 211 212 213 214 215 216 217 218 219 220 221 222 223 224 225 226 227 228 229 230 231 232 233 234 235 236 237 238 239 240 241 242 243 244 245 246 247 248 249 250
112 33 131 114 116 117 119 122 123 124 127 128 132 133 135 136 137 138 139 140 141 142 144 145 149 150 151 152 153 156 158 159 160 163 165 166 167 169 170 172 173 175 177 178 180 181 182 183 186 190 191 196 197 198 199 200 201 203 205 206 207 209 210 211 214 220 221 222 223 227 228 229 230 231 232 236 237 239 241 242 243 245 246 248 249 250
113 86 131 116 117 119 122 123 124 127 128 132 133 135 136 137 139 140 141 142 144 145 149 150 152 153 156 158 159 160 163 165 167 169 172 173 175 177 178 180 182 183 190 196 197 198 199 200 201 203 205 207 209 210 211 214 220 221 222 223 227 228 229 230 231 236 239 241 243 245 246 248 249 250
114 35 130 131 115 116 117 118 119 120 122 123 124 127 128 132 133 135 136 137 138 139 140 141 142 144 145 146 147 148 149 150 151 152 153 155 156 157 158 159 160 163 165 166 167 168 169 170 171 172 173 174 175 176 177 178 180 181 182 183 184 185 186 188 190 191 194 195 196 197 198 199 200 201 202 203 205 206 207 208 209 210 211 213 214 215 218 219 220 221 222 223 225 226 227 228 229 230 231 232 233 234 235 236 237 238 239 240 241 242 243 245 246 248 249 250
115 71 131 116 117 119 122 123 124 127 128 132 133 135 136 137 138 139 140 141 142 144 145 149 150 151 152 153 156 158 159 160 163 165 166 167 169 170 172 173 175 177 178 180 181 182 183 190 196 197 198 199 200 201 203 205 206 207 209 210 211 214 220 221 222 223 227 228 229 230 231 236 237 239 241 242 243 245 246 248 249 250
116 21 130 131 117 118 119 120 121 122 123 124 125 126 127 128 129 132 133 134 135 136 137 138 139 140 141 142 143 144 145 146 147 148 149 150 151 152 153 154 155 156 157 158 159 160 161 162 163 164 165 166 167 168 169 170 171 172 173 174 175 176 177 178 179 180 181 182 183 184 185 186 187 188 189 190 191 192 193 194 195 196 197 198 199 200 201 202 203 204 205 206 207 208 209 210 211 212 213 214 215 216 217 218 219 220 221 222 223 224 225 226 227 228 229 230 231 232 233 234 235 236 237 238 239 240 241 242 243 244 245 246 247 248 249 250
117 90 130 131 118 119 120 122 123 124 127 128 132 133 135 136 137 138 139 140 141 142 144 145 146 147 148 149 150 151 152 153 154 155 156 157 158 159 160 161 163 165 166 167 168 169 170 171 172 173 174 175 176 177 178 180 181 182 183 184 185 186 188 189 190 191 194 195 196 197 198 199 200 201 202 203 205 206 207 208 209 210 211 213 214 215 218 219 220 221 222 223 225 226 227 228 229 230 231 232 233 234 235 236 237 238 239 240 241 242 243 245 246 248 249 250
118 95 131 119 122 123 124 127 128 132 133 135 136 137 138 139 140 141 142 144 145 149 150 151 152 153 156 158 159 160 163 165 166 167 169 170 172 173 175 177 178 180 181 182 183 186 190 191 196 197 198 199 200 201 203 205 206 207 209 210 211 214 220 221 222 223 227 228 229 230 231 232 236 237 239 240 241 242 243 245 246 248 249 250
119 88 130 131 120 121 122 123 124 125 126 127 128 129 132 133 134 135 136 137 138 139 140 141 142 143 144 145 146 147 148 149 150 151 152 153 154 155 156 157 158 159 160 161 162 163 164 165 166 167 168 169 170 171 172 173 174 175 176 177 178 179 180 181 182 183 184 185 186 187 188 189 190 191 192 193 194 195 196 197 198 199 200 201 202 203 204 205 206 207 208 209 210 211 212 213 214 215 216 217 218 219 220 221 222 223 224 225 226 227 228 229 230 231 232 233 234 235 236 237 238 239 240 241 242 243 244 245 246 247 248 249 250
120 80 131 122 123 124 127 128 132 133 135 136 137 138 139 140 141 142 144 145 146 149 150 151 152 153 155 156 157 158 159 160 163 165 166 167 169 170 171 172 173 175 177 178 180 181 182 183 184 186 188 190 191 194 195 196 197 198 199 200 201 203 205 206 207 209 210 211 214 218 219 220 221 222 223 225 226 227 228 229 230 231 232 233 234 235 236 237 239 240 241 242 243 245 246 248 249 250
121 93 131 122 123 124 127 128 132 133 135 136 137 139 140 141 142 144 145 149 150 152 153 156 158 159 160 163 165 167 169 172 173 175 177 178 180 182 183 190 196 197 198 199 200 201 203 205 207 209 210 211 214 220 221 223 227 228 229 230 231 236 239 241 243 245 246 248 249 250
122 73 130 131 123 124 125 126 127 128 129 132 133 134 135 136 137 138 139 140 141 142 143 144 145 146 147 148 149 150 151 152 153 154 155 156 157 158 159 160 161 162 163 164 165 166 167 168 169 170 171 172 173 174 175 176 177 178 179 180 181 182 183 184 185 186 187 188 189 190 191 192 193 194 195 196 197 198 199 200 201 202 203 204 205 206 207 208 209 210 211 212 213 214 215 216 217 218 219 220 221 222 223 224 225 226 227 228 229 230 231 232 233 234 235 236 237 238 239 240 241 242 243 244 245 246 247 248 249 250
123 60 130 131 124 125 126 127 128 129 132 133 134 135 136 137 138 139 140 141 142 143 144 145 146 147 148 149 150 151 152 153 154 155 156 157 158 159 160 161 162 163 164 165 166 167 168 169 170 171 172 173 174 175 176 177 178 179 180 181 182 183 184 185 186 187 188 189 190 191 192 193 194 195 196 197 198 199 200 201 202 203 204 205 206 207 208 209 210 211 212 213 214 215 216 217 218 219 220 221 222 223 224 225 226 227 228 229 230 231 232 233 234 235 236 237 238 239 240 241 242 243 244 245 246 247 248 249 250
124 96 130 131 125 126 127 128 129 132 133 134 135 136 137 138 139 140 141 142 143 144 145 146 147 148 149 150 151 152 153 154 155 156 157 158 159 160 161 162 163 164 165 166 167 168 169 170 171 172 173 174 175 176 177 178 179 180 181 182 183 184 185 186 187 188 189 190 191 192 193 194 195 196 197 198 199 200 201 202 203 204 205 206 207 208 209 210 211 212 213 214 215 216 217 218 219 220 221 222 223 224 225 226 227 228 229 230 231 232 233 234 235 236 237 238 239 240 241 242 243 244 245 246 247 248 249 250
125 65 131 127 128 132 136 137 139 140 141 142 144 145 149 150 152 153 156 159 167 169 172 173 175 177 178 180 182 183 190 196 198 201 203 205 207 209 210 220 223 227 228 229 230 236 239 241 243 245 246 248 249
126 56 131 127 128 132 133 135 136 137 139 140 141 142 144 145 149 150 152 153 156 158 159 160 163 165 167 169 172 173 175 177 178 180 182 183 190 196 197 198 200 201 203 205 207 209 210 211 214 220 221 223 227 228 229 230 231 236 239 241 243 245 246 248 249 250
127 32 130 131 128 129 132 133 134 135 136 137 138 139 140 141 142 143 144 145 146 147 148 149 150 151 152 153 154 155 156 157 158 159 160 161 162 163 164 165 166 167 168 169 170 171 172 173 174 175 176 177 178 179 180 181 182 183 184 185 186 187 188 189 190 191 192 193 194 195 196 197 198 199 200 201 202 203 204 205 206 207 208 209 210 211 212 213 214 215 216 217 218 219 220 221 222 223 224 225 226 227 228 229 230 231 232 233 234 235 236 237 238 239 240 241 242 243 244 245 246 247 248 249 250
128 88 130 131 129 132 133 134 135 136 137 138 139 140 141 142 143 144 145 146 147 148 149 150 151 152 153 154 155 156 157 158 159 160 161 162 163 164 165 166 167 168 169 170 171 172 173 174 175 176 177 178 179 180 181 182 183 184 185 186 187 188 189 190 191 192 193 194 195 196 197 198 199 200 201 202 203 204 205 206 207 208 209 210 211 212 213 214 215 216 217 218 219 220 221 222 223 224 225 226 227 228 229 230 231 232 233 234 235 236 237 238 239 240 241 242 243 244 245 246 247 248 249 250
129 67 131 132 133 136 137 139 140 141 142 144 145 149 150 152 153 156 158 159 160 165 167 169 172 173 175 177 178 180 182 183 190 196 197 198 200 201 203 205 207 209 210 211 214 220 223 227 228 229 230 231 236 239 241 243 245 246 248 249
130 69 131 132 133 135 136 137 138 139 140 141 142 144 145 149 150 151 152 153 156 158 159 160 163 165 166 167 169 170 172 173 175 177 178 180 181 182 183 186 190 196 197 198 199 200 201 203 205 206 207 209 210 211 214 220 221 222 223 227 228 229 230 231 236 237 239 241 242 243 245 246 248 249 250
131 63 132 133 134 135 136 137 138 139 140 141 142 143 144 145 146 147 148 149 150 151 152 153 154 155 156 157 158 159 160 161 162 163 164 165 166 167 168 169 170 171 172 173 174 175 176 177 178 179 180 181 182 183 184 185 186 187 188 189 190 191 192 193 194 195 196 197 198 199 200 201 202 203 204 205 206 207 208 209 210 211 212 213 214 215 216 217 218 219 220 221 222 223 224 225 226 227 228 229 230 231 232 233 234 235 236 237 238 239 240 241 242 243 244 245 246 247 248 249 250
132 26 133 134 135 136 137 138 139 140 141 142 143 144 145 146 147 148 149 150 151 152 153 154 155 156 157 158 159 160 161 162 163 164 165 166 167 168 169 170 171 172 173 174 175 176 177 178 179 180 181 182 183 184 185 186 187 188 189 190 191 192 193 194 195 196 197 198 199 200 201 202 203 204 205 206 207 208 209 210 211 212 213 214 215 216 217 218 219 220 221 222 223 224 225 226 227 228 229 230 231 232 233 234 235 236 237 238 239 240 241 242 243 244 245 246 247 248 249 250
133 51 134 135 136 137 138 139 140 141 142 144 145 146 147 148 149 150 151 152 153 154 155 156 157 158 159 160 161 163 165 166 167 168 169 170 171 172 173 174 175 176 177 178 180 181 182 183 184 185 186 188 189 190 191 193 194 195 196 197 198 199 200 201 202 203 204 205 206 207 208 209 210 211 212 213 214 215 216 217 218 219 220 221 222 223 224 225 226 227 228 229 230 231 232 233 234 235 236 237 238 239 240 241 242 243 244 245 246 247 248 249 250
134 59 135 136 137 139 140 141 142 144 145 149 150 152 153 156 158 159 160 163 165 167 169 172 173 175 177 178 180 182 183 190 196 197 198 199 200 201 203 205 207 209 210 211 214 220 221 223 227 228 229 230 231 236 239 241 243 245 246 248 249 250
135 85 136 137 138 139 140 141 142 144 145 146 147 148 149 150 151 152 153 154 155 156 157 158 159 160 161 163 165 166 167 168 169 170 171 172 173 174 175 176 177 178 180 181 182 183 184 185 186 188 189 190 191 194 195 196 197 198 199 200 201 202 203 204 205 206 207 208 209 210 211 212 213 214 215 217 218 219 220 221 222 223 225 226 227 228 229 230 231 232 233 234 235 236 237 238 239 240 241 242 243 245 246 247 248 249 250
136 41 137 138 139 140 141 142 143 144 145 146 147 148 149 150 151 152 153 154 155 156 157 158 159 160 161 162 163 164 165 166 167 168 169 170 171 172 173 174 175 176 177 178 179 180 181 182 183 184 185 186 187 188 189 190 191 192 193 194 195 196 197 198 199 200 201 202 203 204 205 206 207 208 209 210 211 212 213 214 215 216 217 218 219 220 221 222 223 224 225 226 227 228 229 230 231 232 233 234 235 236 237 238 239 240 241 242 243 244 245 246 247 248 249 250
137 91 138 139 140 141 142 143 144 145 146 147 148 149 150 151 152 153 154 155 156 157 158 159 160 161 162 163 164 165 166 167 168 169 170 171 172 173 174 175 176 177 178 179 180 181 182 183 184 185 186 187 188 189 190 191 192 193 194 195 196 197 198 199 200 201 202 203 204 205 206 207 208 209 210 211 212 213 214 215 216 217 218 219 220 221 222 223 224 225 226 227 228 229 230 231 232 233 234 235 236 237 238 239 240 241 242 243 244 245 246 247 248 249 250
138 70 139 140 141 142 144 145 146 147 148 149 150 151 152 153 155 156 157 158 159 160 161 163 165 166 167 168 169 170 171 172 173 174 175 176 177 178 180 181 182 183 184 185 186 188 190 191 194 195 196 197 198 199 200 201 202 203 205 206 207 208 209 210 211 213 214 215 218 219 220 221 222 223 225 226 227 228 229 230 231 232 233 234 235 236 237 238 239 240 241 242 243 245 246 248 249 250
139 92 140 141 142 143 144 145 146 147 148 149 150 151 152 153 154 155 156 157 158 159 160 161 162 163 164 165 166 167 168 169 170 171 172 173 174 175 176 177 178 179 180 181 182 183 184 185 186 187 188 189 190 191 192 193 194 195 196 197 198 199 200 201 202 203 204 205 206 207 208 209 210 211 212 213 214 215 216 217 218 219 220 221 222 223 224 225 226 227 228 229 230 231 232 233 234 235 236 237 238 239 240 241 242 243 244 245 246 247 248 249 250
140 44 141 142 143 144 145 146 147 148 149 150 151 152 153 154 155 156 157 158 159 160 161 162 163 164 165 166 167 168 169 170 171 172 173 174 175 176 177 178 179 180 181 182 183 184 185 186 187 188 189 190 191 192 193 194 195 196 197 198 199 200 201 202 203 204 205 206 207 208 209 210 211 212 213 214 215 216 217 218 219 220 221 222 223 224 225 226 227 228 229 230 231 232 233 234 235 236 237 238 239 240 241 242 243 244 245 246 247 248 249 250
141 53 142 143 144 145 146 147 148 149 150 151 152 153 154 155 156 157 158 159 160 161 162 163 164 165 166 167 168 169 170 171 172 173 174 175 176 177 178 179 180 181 182 183 184 185 186 187 188 189 190 191 192 193 194 195 196 197 198 199 200 201 202 203 204 205 206 207 208 209 210 211 212 213 214 215 216 217 218 219 220 221 222 223 224 225 226 227 228 229 230 231 232 233 234 235 236 237 238 239 240 241 242 243 244 245 246 247 248 249 250
142 49 143 144 145 146 147 148 149 150 151 152 153 154 155 156 157 158 159 160 161 162 163 164 165 166 167 168 169 170 171 172 173 174 175 176 177 178 179 180 181 182 183 184 185 186 187 188 189 190 191 192 193 194 195 196 197 198 199 200 201 202 203 204 205 206 207 208 209 210 211 212 213 214 215 216 217 218 219 220 221 222 223 224 225 226 227 228 229 230 231 232 233 234 235 236 237 238 239 240 241 242 243 244 245 246 247 248 249 250
143 91 144 145 149 150 152 153 156 159 167 169 172 173 175 177 178 180 182 183 190 196 198 201 203 205 207 209 210 220 223 227 228 229 230 236 239 241 243 245 246 248 249
144 33 145 146 147 148 149 150 151 152 153 154 155 156 157 158 159 160 161 162 163 164 165 166 167 168 169 170 171 172 173 174 175 176 177 178 179 180 181 182 183 184 185 186 187 188 189 190 191 192 193 194 195 196 197 198 199 200 201 202 203 204 205 206 207 208 209 210 211 212 213 214 215 216 217 218 219 220 221 222 223 224 225 226 227 228 229 230 231 232 233 234 235 236 237 238 239 240 241 242 243 244 245 246 247 248 249 250
145 57 146 147 148 149 150 151 152 153 154 155 156 157 158 159 160 161 162 163 164 165 166 167 168 169 170 171 172 173 174 175 176 177 178 179 180 181 182 183 184 185 186 187 188 189 190 191 192 193 194 195 196 197 198 199 200 201 202 203 204 205 206 207 208 209 210 211 212 213 214 215 216 217 218 219 220 221 222 223 224 225 226 227 228 229 230 231 232 233 234 235 236 237 238 239 240 241 242 243 244 245 246 247 248 249 250
146 26 149 150 151 152 153 155 156 157 158 159 160 163 165 166 167 169 170 172 173 175 177 178 180 181 182 183 186 188 190 191 194 196 197 198 199 200 201 203 205 206 207 209 210 211 214 218 220 221 222 223 226 227 228 229 230 231 232 233 236 237 239 240 241 242 243 245 246 248 249 250
147 99 149 150 151 152 153 155 156 158 159 160 163 165 166 167 169 170 172 173 175 177 178 180 181 182 183 186 190 191 196 197 198 199 200 201 203 205 206 207 209 210 211 214 220 221 222 223 227 228 229 230 231 232 236 237 239 240 241 242 243 245 246 248 249 250
148 24 149 150 151 152 153 156 158 159 160 163 165 166 167 169 170 172 173 175 177 178 180 181 182 183 186 190 191 196 197 198 199 200 201 203 205 206 207 209 210 211 214 220 221 222 223 227 228 229 230 231 232 236 237 239 240 241 242 243 245 246 248 249 250
149 48 150 151 152 153 154 155 156 157 158 159 160 161 162 163 164 165 166 167 168 169 170 171 172 173 174 175 176 177 178 179 180 181 182 183 184 185 186 187 188 189 190 191 192 193 194 195 196 197 198 199 200 201 202 203 204 205 206 207 208 209 210 211 212 213 214 215 216 217 218 219 220 221 222 223 224 225 226 227 228 229 230 231 232 233 234 235 236 237 238 239 240 241 242 243 244 245 246 247 248 249 250
150 52 151 152 153 154 155 156 157 158 159 160 161 162 163 164 165 166 167 168 169 170 171 172 173 174 175 176 177 178 179 180 181 182 183 184 185 186 187 188 189 190 191 192 193 194 195 196 197 198 199 200 201 202 203 204 205 206 207 208 209 210 211 212 213 214 215 216 217 218 219 220 221 222 223 224 225 226 227 228 229 230 231 232 233 234 235 236 237 238 239 240 241 242 243 244 245 246 247 248 249 250
151 92 152 153 155 156 157 158 159 160 161 163 165 166 167 168 169 170 171 172 173 174 175 176 177 178 180 181 182 183 184 185 186 188 190 191 194 195 196 197 198 199 200 201 202 203 205 206 207 208 209 210 211 213 214 215 218 219 220 221 222 223 225 226 227 228 229 230 231 232 233 234 235 236 237 238 239 240 241 242 243 245 246 248 249 250
152 43 153 154 155 156 157 158 159 160 161 162 163 164 165 166 167 168 169 170 171 172 173 174 175 176 177 178 179 180 181 182 183 184 185 186 187 188 189 190 191 192 193 194 195 196 197 198 199 200 201 202 203 204 205 206 207 208 209 210 211 212 213 214 215 216 217 218 219 220 221 222 223 224 225 226 227 228 229 230 231 232 233 234 235 236 237 238 239 240 241 242 243 244 245 246 247 248 249 250
153 46 154 155 156 157 158 159 160 161 162 163 164 165 166 167 168 169 170 171 172 173 174 175 176 177 178 179 180 181 182 183 184 185 186 187 188 189 190 191 192 193 194 195 196 197 198 199 200 201 202 203 204 205 206 207 208 209 210 211 212 213 214 215 216 217 218 219 220 221 222 223 224 225 226 227 228 229 230 231 232 233 234 235 236 237 238 239 240 241 242 243 244 245 246 247 248 249 250
154 47 156 158 159 160 163 165 167 169 172 173 175 177 178 180 182 183 190 196 197 198 199 200 201 203 205 207 209 210 211 214 220 221 222 223 227 228 229 230 231 236 239 241 243 245 246 248 249 250
155 96 156 157 158 159 160 163 165 166 167 169 170 171 172 173 175 177 178 180 181 182 183 184 186 188 190 191 194 195 196 197 198 199 200 201 203 205 206 207 208 209 210 211 214 218 219 220 221 222 223 225 226 227 228 229 230 231 232 233 234 235 236 237 239 240 241 242 243 245 246 248 249 250
156 36 157 158 159 160 161 162 163 164 165 166 167 168 169 170 171 172 173 174 175 176 177 178 179 180 181 182 183 184 185 186 187 188 189 190 191 192 193 194 195 196 197 198 199 200 201 202 203 204 205 206 207 208 209 210 211 212 213 214 215 216 217 218 219 220 221 222 223 224 225 226 227 228 229 230 231 232 233 234 235 236 237 238 239 240 241 242 243 244 245 246 247 248 249 250
157 88 158 159 160 163 165 166 167 169 170 171 172 173 175 177 178 180 181 182 183 184 186 188 190 191 194 195 196 197 198 199 200 201 203 205 206 207 209 210 211 214 218 219 220 221 222 223 225 226 227 228 229 230 231 232 233 234 235 236 237 239 240 241 242 243 245 246 248 249 250
158 55 159 160 161 163 165 166 167 168 169 170 171 172 173 174 175 176 177 178 180 181 182 183 184 185 186 188 189 190 191 194 195 196 197 198 199 200 201 202 203 204 205 206 207 208 209 210 211 212 213 214 215 216 217 218 219 220 221 222 223 224 225 226 227 228 229 230 231 232 233 234 235 236 237 238 239 240 241 242 243 245 246 247 248 249 250
159 55 160 161 162 163 164 165 166 167 168 169 170 171 172 173 174 175 176 177 178 179 180 181 182 183 184 185 186 187 188 189 190 191 192 193 194 195 196 197 198 199 200 201 202 203 204 205 206 207 208 209 210 211 212 213 214 215 216 217 218 219 220 221 222 223 224 225 226 227 228 229 230 231 232 233 234 235 236 237 238 239 240 241 242 243 244 245 246 247 248 249 250
160 76 161 162 163 165 166 167 168 169 170 171 172 173 174 175 176 177 178 179 180 181 182 183 184 185 186 187 188 189 190 191 192 193 194 195 196 197 198 199 200 201 202 203 204 205 206 207 208 209 210 211 212 213 214 215 216 217 218 219 220 221 222 223 224 225 226 227 228 229 230 231 232 233 234 235 236 237 238 239 240 241 242 243 244 245 246 247 248 249 250
161 51 163 165 167 169 172 173 175 177 178 180 182 183 190 196 197 198 199 200 201 203 205 207 209 210 211 214 220 221 222 223 227 228 229 230 231 236 239 241 243 245 246 248 249 250
162 87 167 169 172 173 175 177 178 180 182 183 190 196 198 201 203 205 207 209 210 211 214 220 223 227 228 229 230 231 236 239 241 243 245 246 248 249
163 44 165 166 167 168 169 170 171 172 173 174 175 176 177 178 180 181 182 183 184 185 186 188 189 190 191 194 195 196 197 198 199 200 201 202 203 204 205 206 207 208 209 210 211 212 213 214 215 217 218 219 220 221 222 223 225 226 227 228 229 230 231 232 233 234 235 236 237 238 239 240 241 242 243 245 246 247 248 249 250
164 58 167 169 172 173 175 177 178 180 182 183 190 196 198 201 203 205 207 210 220 223 227 228 229 230 236 239 243 245 246 248 249
165 34 166 167 168 169 170 171 172 173 174 175 176 177 178 180 181 182 183 184 185 186 188 189 190 191 193 194 195 196 197 198 199 200 201 202 203 204 205 206 207 208 209 210 211 212 213 214 215 216 217 218 219 220 221 222 223 224 225 226 227 228 229 230 231 232 233 234 235 236 237 238 239 240 241 242 243 244 245 246 247 248 249 250
166 69 167 168 169 170 171 172 173 174 175 176 177 178 180 181 182 183 184 185 186 188 190 191 194 195 196 197 198 199 200 201 202 203 205 206 207 208 209 210 211 213 214 215 218 219 220 221 222 223 225 226 227 228 229 230 231 232 233 234 235 236 237 238 239 240 241 242 243 245 246 248 249 250
167 43 168 169 170 171 172 173 174 175 176 177 178 179 180 181 182 183 184 185 186 187 188 189 190 191 192 193 194 195 196 197 198 199 200 201 202 203 204 205 206 207 208 209 210 211 212 213 214 215 216 217 218 219 220 221 222 223 224 225 226 227 228 229 230 231 232 233 234 235 236 237 238 239 240 241 242 243 244 245 246 247 248 249 250
168 56 169 170 172 173 175 177 178 180 182 183 190 196 197 198 199 200 201 203 205 207 209 210 211 214 220 221 222 223 227 228 229 230 231 236 239 241 242 243 245 246 248 249 250
169 37 170 171 172 173 174 175 176 177 178 179 180 181 182 183 184 185 186 187 188 189 190 191 192 193 194 195 196 197 198 199 200 201 202 203 204 205 206 207 208 209 210 211 212 213 214 215 216 217 218 219 220 221 222 223 224 225 226 227 228 229 230 231 232 233 234 235 236 237 238 239 240 241 242 243 244 245 246 247 248 249 250
170 74 171 172 173 174 175 176 177 178 180 181 182 183 184 185 186 188 190 191 194 195 196 197 198 199 200 201 202 203 205 206 207 208 209 210 211 213 214 215 218 219 220 221 222 223 225 226 227 228 229 230 231 232 233 234 235 236 237 238 239 240 241 242 243 245 246 248 249 250
171 82 172 173 175 177 178 180 181 182 183 184 186 188 190 191 194 196 197 198 199 200 201 203 205 206 207 209 210 211 214 218 220 221 222 223 226 227 228 229 230 231 232 233 236 237 239 240 241 242 243 245 246 248 249 250
172 64 173 174 175 176 177 178 179 180 181 182 183 184 185 186 187 188 189 190 191 192 193 194 195 196 197 198 199 200 201 202 203 204 205 206 207 208 209 210 211 212 213 214 215 216 217 218 219 220 221 222 223 224 225 226 227 228 229 230 231 232 233 234 235 236 237 238 239 240 241 242 243 244 245 246 247 248 249 250
173 75 174 175 176 177 178 179 180 181 182 183 184 185 186 187 188 189 190 191 192 193 194 195 196 197 198 199 200 201 202 203 204 205 206 207 208 209 210 211 212 213 214 215 216 217 218 219 220 221 222 223 224 225 226 227 228 229 230 231 232 233 234 235 236 237 238 239 240 241 242 243 244 245 246 247 248 249 250
174 99 175 177 178 180 181 182 183 190 196 197 198 199 200 201 203 205 206 207 209 210 211 214 220 221 222 223 227 228 229 230 231 236 237 239 241 242 243 245 246 248 249 250
175 36 176 177 178 179 180 181 182 183 184 185 186 187 188 189 190 191 192 193 194 195 196 197 198 199 200 201 202 203 204 205 206 207 208 209 210 211 212 213 214 215 216 217 218 219 220 221 222 223 224 225 226 227 228 229 230 231 232 233 234 235 236 237 238 239 240 241 242 243 244 245 246 247 248 249 250
176 54 177 178 180 181 182 183 190 196 197 198 199 200 201 203 205 206 207 209 210 211 214 220 221 222 223 227 228 229 230 231 236 237 239 241 242 243 245 246 248 249 250
177 76 178 179 180 181 182 183 184 185 186 187 188 189 190 191 192 193 194 195 196 197 198 199 200 201 202 203 204 205 206 207 208 209 210 211 212 213 214 215 216 217 218 219 220 221 222 223 224 225 226 227 228 229 230 231 232 233 234 235 236 237 238 239 240 241 242 243 244 245 246 247 248 249 250
178 72 179 180 181 182 183 184 185 186 187 188 189 190 191 192 193 194 195 196 197 198 199 200 201 202 203 204 205 206 207 208 209 210 211 212 213 214 215 216 217 218 219 220 221 222 223 224 225 226 227 228 229 230 231 232 233 234 235 236 237 238 239 240 241 242 243 244 245 246 247 248 249 250
179 21 180 182 183 190 196 198 201 203 205 207 209 210 211 214 220 223 227 228 229 230 231 236 239 241 243 245 246 248 249
180 33 181 182 183 184 185 186 187 188 189 190 191 192 193 194 195 196 197 198 199 200 201 202 203 204 205 206 207 208 209 210 211 212 213 214 215 216 217 218 219 220 221 222 223 224 225 226 227 228 229 230 231 232 233 234 235 236 237 238 239 240 241 242 243 244 245 246 247 248 249 250
181 61 182 183 184 185 186 188 190 191 194 195 196 197 198 199 200 201 202 203 205 206 207 208 209 210 211 213 214 215 218 219 220 221 222 223 225 226 227 228 229 230 231 232 233 234 235 236 237 238 239 240 241 242 243 245 246 248 249 250
182 87 183 184 185 186 187 188 189 190 191 192 193 194 195 196 197 198 199 200 201 202 203 204 205 206 207 208 209 210 211 212 213 214 215 216 217 218 219 220 221 222 223 224 225 226 227 228 229 230 231 232 233 234 235 236 237 238 239 240 241 242 243 244 245 246 247 248 249 250
183 54 184 185 186 187 188 189 190 191 192 193 194 195 196 197 198 199 200 201 202 203 204 205 206 207 208 209 210 211 212 213 214 215 216 217 218 219 220 221 222 223 224 225 226 227 228 229 230 231 232 233 234 235 236 237 238 239 240 241 242 243 244 245 246 247 248 249 250
184 82 186 188 190 191 194 195 196 197 198 199 200 201 203 205 206 207 209 210 211 214 218 219 220 221 222 223 226 227 228 229 230 231 232 233 236 237 239 240 241 242 243 245 246 248 249 250
185 94 186 190 191 196 197 198 199 200 201 203 205 206 207 209 210 211 214 220 221 222 223 227 228 229 230 231 232 236 237 239 240 241 242 243 245 246 248 249 250
186 87 188 190 191 194 195 196 197 198 199 200 201 203 205 206 207 208 209 210 211 214 215 218 219 220 221 222 223 225 226 227 228 229 230 231 232 233 234 235 236 237 238 239 240 241 242 243 245 246 248 249 250
187 46 190 196 198 201 203 205 207 209 210 211 220 223 227 228 229 230 231 236 239 241 243 245 246 248 249
188 71 190 191 194 195 196 197 198 199 200 201 203 205 206 207 209 210 211 214 218 219 220 221 222 223 225 226 227 228 229 230 231 232 233 234 236 237 239 240 241 242 243 245 246 248 249 250
189 83 190 196 197 198 199 200 201 203 205 207 209 210 211 214 220 221 222 223 227 228 229 230 231 236 239 241 243 245 246 248 249 250
190 71 191 192 193 194 195 196 197 198 199 200 201 202 203 204 205 206 207 208 209 210 211 212 213 214 215 216 217 218 219 220 221 222 223 224 225 226 227 228 229 230 231 232 233 234 235 236 237 238 239 240 241 242 243 244 245 246 247 248 249 250
191 44 194 195 196 197 198 199 200 201 203 205 206 207 208 209 210 211 214 215 218 219 220 221 222 223 225 226 227 228 229 230 231 232 233 234 235 236 237 239 240 241 242 243 245 246 248 249 250
192 87 196 198 201 203 205 207 209 210 211 220 223 227 228 229 230 231 236 239 241 243 245 246 248 249
193 20 196 197 198 200 201 203 205 207 209 210 211 214 220 223 227 228 229 230 231 236 239 241 243 245 246 248 249
194 31 195 196 197 198 199 200 201 203 205 206 207 209 210 211 214 218 219 220 221 222 223 225 226 227 228 229 230 231 232 233 234 236 237 239 240 241 242 243 245 246 248 249 250
195 67 196 197 198 199 200 201 203 205 206 207 209 210 211 214 218 220 221 222 223 226 227 228 229 230 231 232 233 236 237 239 240 241 242 243 245 246 248 249 250
196 93 197 198 199 200 201 202 203 204 205 206 207 208 209 210 211 212 213 214 215 216 217 218 219 220 221 222 223 224 225 226 227 228 229 230 231 232 233 234 235 236 237 238 239 240 241 242 243 244 245 246 247 248 249 250
197 100 198 199 200 201 202 203 204 205 206 207 208 209 210 211 212 213 214 215 216 217 218 219 220 221 222 223 224 225 226 227 228 229 230 231 232 233 234 235 236 237 238 239 240 241 242 243 244 245 246 247 248 249 250
198 94 199 200 201 202 203 204 205 206 207 208 209 210 211 212 213 214 215 216 217 218 219 220 221 222 223 224 225 226 227 228 229 230 231 232 233 234 235 236 237 238 239 240 241 242 243 244 245 246 247 248 249 250
199 97 200 201 202 203 204 205 206 207 208 209 210 211 212 213 214 215 217 218 219 220 221 222 223 225 226 227 228 229 230 231 232 233 234 235 236 237 238 239 240 241 242 243 245 246 247 248 249 250
200 64 201 202 203 204 205 206 207 208 209 210 211 212 213 214 215 216 217 218 219 220 221 222 223 224 225 226 227 228 229 230 231 232 233 234 235 236 237 238 239 240 241 242 243 244 245 246 247 248 249 250
201 63 202 203 204 205 206 207 208 209 210 211 212 213 214 215 216 217 218 219 220 221 222 223 224 225 226 227 228 229 230 231 232 233 234 235 236 237 238 239 240 241 242 243 244 245 246 247 248 249 250
202 36 203 205 206 207 209 210 211 214 220 221 222 223 227 228 229 230 231 236 237 239 241 242 243 245 246 248 249 250
203 89 204 205 206 207 208 209 210 211 212 213 214 215 216 217 218 219 220 221 222 223 224 225 226 227 228 229 230 231 232 233 234 235 236 237 238 239 240 241 242 243 244 245 246 247 248 249 250
204 48 205 207 209 210 211 214 220 221 223 227 228 229 230 231 236 239 241 243 245 246 248 249 250
205 34 206 207 208 209 210 211 212 213 214 215 216 217 218 219 220 221 222 223 224 225 226 227 228 229 230 231 232 233 234 235 236 237 238 239 240 241 242 243 244 245 246 247 248 249 250
206 41 207 208 209 210 211 213 214 215 218 219 220 221 222 223 225 226 227 228 229 230 231 232 233 234 235 236 237 238 239 240 241 242 243 245 246 248 249 250
207 42 208 209 210 211 212 213 214 215 216 217 218 219 220 221 222 223 224 225 226 227 228 229 230 231 232 233 234 235 236 237 238 239 240 241 242 243 244 245 246 247 248 249 250
208 74 209 210 211 214 220 221 222 223 227 228 229 230 231 232 236 237 239 240 241 242 243 245 246 248 249 250
209 30 210 211 212 213 214 215 216 217 218 219 220 221 222 223 224 225 226 227 228 229 230 231 232 233 234 235 236 237 238 239 240 241 242 243 244 245 246 247 248 249 250
210 48 211 212 213 214 215 216 217 218 219 220 221 222 223 224 225 226 227 228 229 230 231 232 233 234 235 236 237 238 239 240 241 242 243 244 245 246 247 248 249 250
211 73 212 213 214 215 216 217 218 219 220 221 222 223 224 225 226 227 228 229 230 231 232 233 234 235 236 237 238 239 240 241 242 243 244 245 246 247 248 249 250
212 37 214 220 221 223 227 228 229 230 231 236 239 241 243 245 246 248 249 250
213 100 214 220 221 222 223 227 228 229 230 231 236 237 239 241 242 243 245 246 248 249 250
214 49 215 216 217 218 219 220 221 222 223 224 225 226 227 228 229 230 231 232 233 234 235 236 237 238 239 240 241 242 243 244 245 246 247 248 249 250
215 58 220 221 222 223 227 228 229 230 231 236 237 239 241 242 243 245 246 248 249 250
216 50 220 223 227 228 229 230 231 236 239 241 243 245 246 248 249
217 50 220 221 223 227 228 229 230 231 236 239 241 243 245 246 248 249 250
218 86 219 220 221 222 223 225 226 227 228 229 230 231 232 233 234 235 236 237 239 240 241 242 243 245 246 248 249 250
219 79 220 221 222 223 226 227 228 229 230 231 232 233 236 237 239 240 241 242 243 245 246 248 249 250
220 91 221 222 223 224 225 226 227 228 229 230 231 232 233 234 235 236 237 238 239 240 241 242 243 244 245 246 247 248 249 250
221 98 222 223 225 226 227 228 229 230 231 232 233 234 235 236 237 238 239 240 241 242 243 245 246 247 248 249 250
222 63 223 225 226 227 228 229 230 231 232 233 234 235 236 237 238 239 240 241 242 243 245 246 248 249 250
223 24 224 225 226 227 228 229 230 231 232 233 234 235 236 237 238 239 240 241 242 243 244 245 246 247 248 249 250
224 82 227 228 229 230 231 236 239 241 243 245 246 248 249
225 24 226 227 228 229 230 231 232 236 237 239 240 241 242 243 245 246 248 249 250
226 48 227 228 229 230 231 232 233 234 236 237 239 240 241 242 243 245 246 248 249 250
227 26 228 229 230 231 232 233 234 235 236 237 238 239 240 241 242 243 244 245 246 247 248 249 250
228 98 229 230 231 232 233 234 235 236 237 238 239 240 241 242 243 244 245 246 247 248 249 250
229 82 230 231 232 233 234 235 236 237 238 239 240 241 242 243 244 245 246 247 248 249 250
230 75 231 232 233 234 235 236 237 238 239 240 241 242 243 244 245 246 247 248 249 250
231 62 232 233 234 235 236 237 238 239 240 241 242 243 244 245 246 247 248 249 250
232 55 233 234 235 236 237 239 240 241 242 243 245 246 248 249 250
233 82 234 236 237 239 240 241 242 243 245 246 248 249 250
234 87 236 237 239 240 241 242 243 245 246 248 249 250
235 74 236 237 239 240 241 242 243 245 246 248 249 250
236 87 237 238 239 240 241 242 243 244 245 246 247 248 249 250
237 32 238 239 240 241 242 243 245 246 248 249 250
238 73 239 241 242 243 245 246 248 249 250
239 28 240 241 242 243 244 245 246 247 248 249 250
240 95 241 242 243 245 246 248 249 250
241 84 242 243 244 245 246 247 248 249 250
242 29 243 245 246 248 249 250
243 82 244 245 246 247 248 249 250
244 68 245 246 248 249
245 70 246 247 248 249 250
246 49 247 248 249 250
247 88 248 249 250
248 23 249 250
249 78 250
250 96
